query mapping geometric deepwalk node2vec struc2vec dummy kernel_edge_hist_gauss kernel_edge_hist kernel_random_walk_exp kernel_random_walk_geo kernel_vertex_edge_hist_gauss kernel_vertex_edge_hist kernel_vertex_vertex_edge_hist heuristic_dbl_mst heuristic_far_ins heuristic_near_ins heuristic_near_neigh 
circuit_13_pcb442 6727.988898209759 6751.343961388498 8846.333184973075 6818.337658784039 11157.049855207722 11459.349252332255 6930.5440257561595 6960.444430243435 6960.444430243435 6977.67837946456 6828.444310843262 6977.67837946456 6977.67837946456 8128.104881631131 7060.355080953784 7170.7624577337265 7566.292691130506 
circuit_14_fl417 3302.2684116725595 3302.2684116725595 3303.991498861231 3303.991498861231 4828.969936027197 5502.5836743752925 3303.991498861231 3303.991498861231 3303.991498861231 3303.991498861231 3303.991498861231 3303.991498861231 3303.991498861231 3734.666709097061 3282.3762572481314 3260.252143227248 3748.345648819641 
circuit_15_u1060 13417.724927983678 13395.60191871967 18126.234408748573 12325.196223648014 18198.705170673056 19820.37925784395 12325.196223648014 12254.1978645287 12325.196223648014 12325.196223648014 12325.196223648014 11548.04612406258 12199.951721194418 14011.496824242935 10742.55832661159 11406.970910936037 13673.347333760375 
circuit_17_u159 17061.390651953232 17116.407149230112 16185.443593001592 15508.64990414654 26205.015093937498 30340.2730636393 15619.634472485313 15567.071803380015 15508.64990414654 15626.083982709912 15626.083982709912 15626.083982709912 15392.30508904885 20331.63236318076 15856.718511751478 18822.056973734365 20643.098087134902 
gaussian_3 6.6145781641409105 6.6145781641409105 6.62541307604641 7.0464408606099 8.99052145331706 8.960502157567568 6.7453750664479255 6.815821217985366 6.908783642430703 7.0464408606099 7.0464408606099 6.891591018360133 6.809653215068725 7.697890327934138 6.722338741860916 6.696048683815442 7.627439642198085 
circuit_6_p654 9045.268667412185 8873.839870637617 9686.700230917166 9079.971058968382 14804.22995404778 14339.722154250314 9059.87586393636 9190.839537833901 9190.839537833901 9190.839537833901 9190.839537833901 9190.839537833901 8832.85426505401 10204.28927432584 9008.390049691421 9197.425990811438 10323.485445354434 
circuit_4_pr299 13480.011735795064 14765.957361160155 14145.663616812037 12482.44193363009 20553.495598898156 21775.562686786867 16543.67827273084 16543.67827273084 16312.54702128358 13931.347113165 13374.16555921899 14398.18433044877 13702.36370932765 14796.694992607929 11638.36497121594 12850.590121456567 12117.784012412347 
uniform_21 10.611998751455864 11.078989770801567 11.43215193693973 11.739132300214488 17.74550405022373 18.553118542647926 11.633876045794182 11.586189224919448 11.739132300214488 11.006482207313882 11.739132300214488 11.553744410798442 10.722499265108546 14.27178564298597 10.704150919776303 11.849017918212539 12.608179185071211 
city_4_usa13509_ur 112820.85875085549 113315.94990970114 115764.84394877244 115764.84394877244 158604.22067403584 163997.48133400336 115764.84394877244 112967.90080001221 115764.84394877244 115764.84394877244 115764.84394877244 115764.84394877244 115764.84394877244 119097.3842192591 99015.84729389491 116062.47311622436 106891.18928849987 
city_12_gr431 169.83081455991405 170.52169038268337 172.74382906853555 174.82578058453436 240.04224444194062 241.78688159468348 175.73394319629253 163.19616719189696 164.99687013954687 175.69975580835015 175.73394319629253 153.83058708159533 175.73394319629253 196.30434645753343 154.67362944280006 164.4241902507448 212.13298765580532 
circuit_16_pr76 64409.30190329655 64409.30190329655 76066.72276315103 71626.29573503872 110567.4326006448 108857.19998969369 76136.49186549644 71932.04248881056 71200.49371151687 77115.76403356662 76453.31587740305 71788.78118339402 74800.06741696213 79667.19384673516 70030.20070928012 71979.17653687103 68576.3254494931 
city_10_nrw1379_l 2321.953690493632 2440.5892563544708 2575.455487758092 2180.402996369529 3271.6194084929925 3353.4216241782187 2067.0618106287825 2276.3746433194356 2136.077869999462 2229.6156400946934 2276.3746433194356 2149.7016714829724 2095.770148703678 2734.967707911611 2398.423323169101 2222.4198706923057 2487.102190786578 
gaussian_12 8.230436594539901 8.213093417258039 8.988496446793512 8.413733599217831 11.26608851922938 11.410172545632953 8.413733599217831 8.086791595767236 8.202640656081165 8.05780678969237 8.413733599217831 7.899793723825496 8.413733599217831 9.005272320921186 8.151340736504187 8.448463972302822 9.05270354977202 
city_5_ali535_l 327.374630775011 351.8133421049467 353.6741188222314 361.26341719167334 521.411591257363 536.3475447631653 340.0169267850129 361.26341719167334 354.8019529292018 361.26341719167334 361.26341719167334 361.26341719167334 353.1023840657691 373.2622824692707 310.1461759492832 324.6728864301269 357.063323304072 
gaussian_11 6.369215206844691 6.330225541425997 7.389258347704211 6.670027340824424 8.608739886891016 8.65781997046431 6.501081987496156 6.5069423220739715 6.965854391314201 6.8367106769606485 6.865854650602892 6.693115659046514 6.551027949419828 7.683038503708204 6.386718120720471 6.146042737355288 7.76322844592912 
circuit_1_linhp318 8712.822459879506 8810.756834351641 12451.781490978023 8679.520934019329 14866.497783595893 15306.86516862449 8679.520934019329 8679.520934019329 8679.520934019329 8679.520934019329 8679.520934019329 8679.520934019329 8679.520934019329 11612.895470079327 9087.147271269681 9021.473129014903 10391.979246713461 
city_16_gr96 323.4003337619209 317.5642689520816 384.33372044059854 320.7952206247871 457.54038931870724 496.22853167023646 320.7952206247871 318.71179830778584 320.7952206247871 320.7952206247871 320.7952206247871 320.7952206247871 318.5412833420392 381.0278139528802 339.6643831952036 332.37186015579215 355.52314609797077 
circuit_22_u574 4326.33172873316 4415.157876873213 4831.1279379214875 3852.234041181484 6144.923022187102 6115.580431264896 4130.429696320804 4130.429696320804 4128.331850742778 4019.1363232882863 4130.429696320804 3817.332221735457 4011.981104359891 4565.181459725873 3783.691625198918 4067.110508329429 3921.184487239283 
gaussian_8 7.873701413170564 7.835592391810896 8.950664497067384 7.894148862354347 11.08499641385964 11.158914139438506 7.894148862354347 7.894148862354347 7.894148862354347 7.724342035353801 7.894148862354347 7.886900891805032 7.894148862354347 9.632376274320787 8.45483736441141 8.285474805743005 9.899936880871293 
city_1_usa13509_ll 89599.7813241305 84882.76452306661 77274.57518722309 77274.57518722309 121199.0949441583 125707.05801145975 77274.57518722309 77274.57518722309 77274.57518722309 77274.57518722309 77274.57518722309 77274.57518722309 77274.57518722309 92487.37062424929 76859.38499184772 71505.83710058276 72746.91432184406 
uniform_14 10.3620625004617 10.386734376035871 15.334012576436908 10.795737643756548 17.429032574513695 18.069752017422896 10.795737643756548 10.429780640737068 10.795737643756548 10.795737643756548 10.795737643756548 10.563170636850609 10.795737643756548 12.814894325255601 11.546527446048165 11.435763378353617 12.767248231822268 
uniform_6 10.238005902698877 10.238005902698877 10.70388071107462 10.812759835216244 16.245583996925976 18.108797391185664 10.878092604218361 11.030853510488729 10.753826913270705 11.030853510488729 11.214563080654733 11.214563080654733 11.214563080654733 12.841515447733112 11.219478404939762 10.59950997406731 11.817298849367292 
city_2_usa13509_ul 96605.28190734703 94391.02258179165 136472.93305932844 96314.00121580224 133645.5857556928 139162.8932106662 96314.00121580224 85242.11377350414 96314.00121580224 96314.00121580224 96314.00121580224 96314.00121580224 90820.5467194683 96281.24184443332 82322.10570404382 89970.1383347601 101233.69674127623 
uniform_2 9.352508212312225 9.352508212312225 13.6818843643815 10.422264674267405 16.086087177978882 16.087464671460864 10.742025592859868 9.64594875486997 9.469962659490132 9.458711804667704 10.254435692540154 10.052139291987382 10.742025592859868 12.482113281942617 9.69076355704431 10.459872401653646 11.401402993837126 
uniform_20 9.627587909952679 9.627587909952679 10.91796723443773 9.627587909952679 17.046164146283882 17.12621589532137 9.627587909952679 9.627587909952679 9.627587909952679 9.627587909952679 9.627587909952679 9.627587909952679 9.627587909952679 12.194675398285138 10.670175513603015 10.542871141806003 11.710023387401177 
circuit_24_u724 4386.2850332378075 4500.612755761702 5698.684419123533 3629.6597572103287 6221.588623234451 6546.960693445274 3629.6597572103287 3629.6597572103287 3629.6597572103287 3629.6597572103287 3629.6597572103287 3629.6597572103287 3629.6597572103287 4599.579059253168 3777.267290429399 4106.069396681647 4246.16155160328 
uniform_3 11.298529306102251 11.298529306102251 12.62596036867345 11.862789432901995 17.042594838175027 17.956737569624362 11.760920840364323 11.423549819396047 13.082977621890802 12.711565884009369 11.906586826000016 13.082977621890802 13.082977621890802 13.428964852811347 11.562845451513422 11.819649438763026 11.526994076426748 
circuit_23_pr1002 17058.37006705459 17213.121125151618 14070.791098875829 14070.791098875829 22171.351566057674 22771.08812242992 14070.791098875829 14055.0389002889 14070.791098875829 14070.791098875829 14070.791098875829 14070.791098875829 14070.791098875829 17163.012818654744 15475.440501263856 16392.03741638532 15231.981305179423 
gaussian_9 7.145195255228678 7.145195255228678 7.14519525522868 7.109270217829086 11.096350958310893 10.71433504828189 7.145195255228678 7.145195255228678 7.145195255228678 7.096484607101505 7.145195255228678 7.145195255228678 7.145195255228678 8.392306411388404 7.387018627396707 6.950722270467402 8.875532954544065 
city_17_brd14051_ll 1509.2411299059577 1455.827295098323 2088.561678188544 1656.4877977100962 1989.2439317598098 2171.0869117834773 1472.9421885624822 1472.9421885624822 