name best 100 150 200 250 300 
circuit_4_pr299 17652.8460195387 30762.224056075152 18699.539188731873 24000.257345140126 19681.752158657342 19264.49814576179 
circuit_24_u724 7104.523546150239 13303.341975898054 17854.74155228844 8753.541413870142 12894.76983092518 8199.73375600019 
circuit_13_pcb442 7586.722118291422 8287.844605459837 13283.902307408265 9540.048619083573 12602.493279388846 8608.617004521298 
city_5_ali535_l 228.13252270233846 265.61573639028205 271.7175657410512 266.8805188670816 284.3528505035077 259.4041028097854 
gaussian_13 10.00595822635236 14.060679239431012 15.792210587559266 15.315657026238195 15.315657026238195 15.315657026238195 
gaussian_24 10.318151341495028 16.03582933408347 15.079051641052509 16.03582933408347 16.03582933408347 14.905446676187893 
circuit_10_pr107 47163.77337034089 72669.35229548438 108785.38502881594 73546.33673209762 71157.6735181609 75212.2539466283 
uniform_6 10.349430005841153 16.070496632039692 16.070496632039692 16.070496632039692 14.869243972201854 16.070496632039692 
circuit_6_p654 13465.564219435117 14982.956186921634 14660.66611337396 15655.305667056844 22909.914453432742 24468.71193778578 
city_11_nrw1379_r 20326.44906382764 39092.253474824094 39381.46718898072 22603.89653027121 39489.31081833095 23088.837813684248 
city_6_ali535_r 132.08685460882992 153.68883042760388 173.3092834920176 173.64299783502838 153.68883042760388 159.44093019442275 
circuit_1_linhp318 8845.690078045709 14843.639918104525 14014.84065209341 13850.589625241797 13888.00888339914 19131.59295795944 
gaussian_7 9.958316385737863 15.96597736981817 14.712241830413621 14.712241830413621 14.634364608917126 13.807296062139367 
uniform_10 9.80024231603195 13.094968104637788 13.1778611266847 13.094968104637788 13.094968104637788 11.991833065417094 
uniform_3 9.811231713100934 14.08925553147186 12.775633262973932 13.346701386021369 13.778088379697605 14.967628508629758 
circuit_11_pr144 35760.570270685566 37622.04653556734 61116.03723263797 61128.378985538686 60858.09926758802 41550.97248683493 
uniform_15 10.002776100167571 15.05936359035465 13.978736461084866 13.890938303290314 14.150083374638717 14.238362838787554 
uniform_22 9.616666531820865 13.285437854614623 15.716496570655194 14.671209327244236 15.716496570655194 13.849364861168988 
gaussian_2 9.650726853201181 15.632661030347741 15.632661030347741 15.632661030347741 15.632661030347741 15.632661030347741 
city_14_gr666_l 160.70518190168852 199.63339248092177 196.73167688572627 198.8393645030085 204.03894785961603 188.33935644105657 
gaussian_21 9.448930144132584 15.26629683954105 14.848885177095504 15.26629683954105 14.389615249208392 15.26629683954105 
gaussian_16 9.24478259613558 14.44564466851162 13.672416144345972 13.927463684759708 14.12412692261064 13.2157556027471 
uniform_18 9.929926841645145 16.471465302809037 15.71656880420634 16.471465302809037 16.010555230333942 15.563144316144216 
city_23_att532_r 20142.652513903937 37528.471619267635 53893.837126025115 38871.594117188295 38154.96232145303 23134.766652357408 
city_0_bier127 46171.58194782312 83627.79272181318 53995.62214955744 83686.61038273499 85835.06793787987 84540.90799301172 
city_22_att532_l 17033.62712074488 20738.095426944383 30959.23758697546 22147.38193223535 18180.83487818366 20582.26128762447 
gaussian_11 10.221352775302252 15.367235606909087 17.910489600976945 13.80056888624617 15.393740106346836 15.393740106346836 
gaussian_8 9.856780510775573 15.960175857349377 16.878200427862044 15.960175857349377 15.960175857349377 13.480990370013528 
city_21_gr229 276.142330594443 352.91796974663595 337.42502941135103 322.5933558218537 478.0823832991364 346.62653698145795 
city_12_gr431 146.66320583670736 177.44408261512956 166.70330377487545 166.4452513531483 168.32289455537892 162.28941391833504 
city_18_brd14051_ul 18879.998980571163 36279.07353517886 35955.26162639165 36235.749193275864 36075.49287713806 20396.33839651708 
uniform_9 9.8175591627074 13.4907310794768 12.435582675206575 13.56620484703323 12.993557857417155 13.56620484703323 
circuit_9_pr136 39465.11134242221 50404.91334677009 88821.71067436517 74756.62994701714 68094.8429485566 82388.40645492349 
city_10_nrw1379_l 18256.72388170646 34881.26417478057 20386.215834706054 21656.011043971725 20336.42638191573 21656.011043971725 
circuit_18_d1291 7387.150638357155 13655.205129392487 13918.244597193336 20061.115583778446 13409.251251034326 8157.506905965163 
gaussian_5 10.381764330867869 14.478843707558958 13.769129258101497 14.60797747921413 13.639113405636014 14.046421409204072 
city_17_brd14051_ll 14838.048975611096 17060.413053395197 16794.726249196978 29300.118689344832 16969.22611411002 17084.106586595753 
uniform_12 9.631597655594144 12.981183370736085 13.754769617357 12.212791412530338 12.093143618132956 12.697349377592257 
uniform_4 10.732445910023236 14.875479246451782 15.514350327779404 16.911558029885303 17.375003172051642 16.811163842922916 
uniform_20 9.65052979498801 11.878435537362549 10.898567992658128 11.538182969993944 11.878435537362549 11.672682066882246 
uniform_17 10.209661342390614 15.452843161724594 13.679768488276233 13.361995514564379 13.974175547745157 13.974175547745157 
circuit_14_fl417 5589.65457974217 6526.473138354958 8438.068335519121 6126.867339563352 6129.198466823936 8059.73581601154 
gaussian_0 9.594864665948029 14.633839757869891 15.489155325471268 16.34217341649751 15.519247674959589 15.190547824968181 
city_16_gr96 186.76886322723058 215.45791280164678 211.45196808943078 210.66599526612993 206.59300984877416 215.87857289360562 
gaussian_19 10.670404416343386 15.71140202561747 14.824035315614722 13.614795772394432 15.71140202561747 15.71140202561747 
uniform_1 9.811031254288215 13.389521676623252 12.772922070453422 12.450188091771528 12.53575825271479 13.753793849788892 
circuit_23_pr1002 31791.140403135647 79511.6510708586 56808.6926147002 58081.653262302825 59288.32578810846 60344.24412373523 
city_24_berlin52 4701.958190378028 5894.131351824758 5016.940467045702 5542.042850872285 5600.07633738836 5522.663323973662 
gaussian_14 10.4600712908741 15.370813416924491 15.774806416582964 16.306962828362508 15.75957660058931 16.976501733492274 
gaussian_23 10.032820887287423 14.581442534822736 14.853153562628002 14.853153562628002 14.525573895425884 14.853153562628002 
circuit_15_u1060 31746.726444357122 35802.18726526598 83636.010073737 42702.05266949742 34397.76198370668 40284.49240977123 
city_19_brd14051_lr 17865.661185812456 34407.73840309359 33425.000908023634 19472.2532815108 20171.790407611723 33217.784262070076 
city_20_brd14051_ur 24397.90820662203 28014.098830766612 27733.685173804028 26816.821742132266 46875.38463368583 47453.890816795254 
circuit_21_d493 8338.21004800568 21878.176619116384 15413.942199989466 9295.996815607086 15788.061545981229 21693.206266974972 
uniform_2 9.572841410274966 13.148979164148326 13.148979164148326 14.58085611714057 17.23636767259961 13.148979164148326 
circuit_22_u574 7013.191183292717 12451.322288109903 17805.303523657534 7516.770694676921 8739.608712659377 8382.022562686072 
gaussian_3 10.067320591800806 14.844049012476583 14.844049012476583 14.844049012476583 14.334542600173075 14.97061371122606 
city_1_usa13509_ll 2128166.8730982384 2527427.960330316 2353463.803170808 2389287.8772347453 4642858.580172846 2418306.207376624 
uniform_14 9.656445842170992 13.681531913849946 15.437593765911764 15.437593765911764 15.437593765911764 15.21044158804439 
uniform_23 10.244608984717456 15.03091084646323 13.266396356319508 15.533922984944253 14.551882887316921 14.919249755505211 
circuit_16_pr76 45864.41089556478 104907.28250177865 52510.61331616536 73452.04471425692 61456.91442395518 65236.1979499521 
uniform_19 9.807033327538868 18.872783777775258 15.082271846961849 15.278425506314637 15.984580705445293 15.082271846961849 
circuit_0_a280 684.251913775264 1138.9216091158837 1205.276900692725 934.1297041769361 752.927202333568 1110.1064087932305 
gaussian_20 9.47029327578021 14.514501195558852 15.254179575903857 14.514501195558852 14.539966902457468 14.845987094840606 
gaussian_17 9.403600358461283 15.023126531432922 14.782119263476503 15.646590330944832 14.570541737226389 15.373517413942581 
city_4_usa13509_ur 2412152.229675424 4627797.828751977 4639716.4876212 2769463.6638030307 2685275.2017473835 4668714.259871859 
circuit_5_d657 8233.957482206188 14707.262712757087 9351.634641269553 9592.290339642273 9618.936580142043 9244.218153467144 
circuit_3_pr264 27638.991112568947 42987.57899832974 64872.08776833358 65643.78778895116 76429.27753408747 42996.15809677803 
gaussian_12 9.552591828115276 13.108817767669844 13.587357202505235 14.307307788356203 13.676242113391664 13.260051806230603 
circuit_2_pr124 41642.85784196342 73160.32122465679 69271.99833905247 70899.51792335956 75217.58141429487 67251.24833237332 
uniform_7 10.412223240448508 13.623475576035819 13.623475576035819 13.623475576035819 13.623475576035819 12.776080428836329 
circuit_17_u159 21985.05744999775 36656.864495456866 36415.66494338639 23386.56679122066 37003.181635182154 25430.318052349627 
city_8_fnl4461_l 23146.14845688299 44099.70754603601 26341.236608113082 46959.409439094845 44355.25801147166 44407.86396870614 
uniform_11 9.783692850997902 12.96308735300977 12.96308735300977 12.96308735300977 11.497343046926446 12.96308735300977 
city_13_gr202 129.11625632038397 258.2664059956464 236.73201075078643 249.77218411320837 245.28669557481638 258.2664059956464 
gaussian_6 8.777777827798355 14.77490341978144 13.240769754019327 13.240769754019327 13.240769754019327 12.794236829176754 
gaussian_1 10.008134577082057 16.774915753591184 16.023936420393927 18.390101095531737 15.659000870127862 16.774915753591184 
circuit_20_pr226 40046.73827823757 43369.25389744885 69570.67467960528 43074.58297063739 72737.6024158997 45566.32479197639 
gaussian_18 9.899552640652557 15.172398770278114 15.292102667500192 13.422660698055342 15.15457416371422 13.285162264003233 
uniform_21 10.138404955587808 14.340490655187326 17.628577508650935 15.430223472897575 14.116714143667643 14.583358562544564 
uniform_16 11.001379591610311 16.3570286430325 15.5582134652555 15.012026486690706 15.272994175001429 15.449456167066137 
uniform_0 9.887239424920917 14.840008501106619 13.679197354723959 14.840008501106619 14.840008501106619 14.840008501106619 
city_3_usa13509_lr 2049627.2190383386 3973216.5507050133 2266903.5973396213 2213117.559065835 2551309.093360203 3933462.1038353974 
gaussian_15 8.89081707677772 17.176369022108013 13.979383787444881 14.456290396309749 13.680682064952782 13.210637684897428 
city_15_gr666_r 141.76532519943638 175.87252098889178 349.23403254380753 164.45121790943585 190.6458144540457 153.25619917607463 
gaussian_22 9.903843081742664 15.044704071637486 14.876851219727017 15.26990285197584 15.222559568052707 14.52749041981967 
circuit_12_d198 5892.451976422574 6370.0869513271655 7109.336407508487 6707.32767711453 6707.32767711453 7489.88954569082 
city_9_fnl4461_r 26554.05087236794 74453.36227638683 51788.41013733446 30692.10110565494 29729.505428340806 30012.414743558977 
city_7_gr137 251.69308219614834 322.57576513777855 283.1781318818441 314.4561119710168 315.9887223482615 293.46213839636675 
gaussian_10 8.91670336959902 14.46101713322597 15.110401914980883 13.342244084279155 14.46101713322597 12.606227906668234 
gaussian_9 9.564111645708609 17.594922219543747 13.108025390711479 15.287875618568775 15.287875618568775 14.842420666246307 
circuit_19_pr439 35145.6570176364 65371.04289697081 89268.60364886025 62823.43069118336 38884.32551118255 65592.59037773855 
circuit_8_pcb1173 6306.75558890751 11152.052708858017 11363.25787722947 8357.362243020601 6837.060261682318 7132.918494799353 
uniform_8 10.53944138667348 16.23431267815436 16.23431267815436 16.23431267815436 15.97141795239323 15.109257765578436 
uniform_13 9.621053809467728 13.841131941910426 13.841131941910426 13.841131941910426 15.83385796228158 13.841131941910426 
uniform_24 10.461257553504677 14.406516541822455 14.870934208943481 15.897090856635486 14.821584113406871 15.725969806661581 
circuit_7_pr152 37500.60119379369 41112.38178573926 45976.96524873434 62089.7353570698 41382.96283048761 64128.661630255476 
gaussian_4 9.625527128183277 16.132314761334964 18.517083601762224 16.15181689166252 18.517083601762224 15.375659350977532 
uniform_5 9.683016000731712 16.57190776436349 14.025494219001242 13.8645164864783 14.230117148028013 15.292381303788346 
city_2_usa13509_ul 2456647.3733509243 6704738.950530818 2820980.6119345836 2696587.6541342204 4733702.328718169 2747836.5055240993 
