name best 50 100 150 200 
circuit_4_pr299 17652.8460195387 30843.661842167294 18565.356648712717 19348.288923053693 20083.548598932848 
circuit_24_u724 7104.523546150239 8389.151773331943 12797.421236097007 12907.955286479439 12969.474183339324 
circuit_13_pcb442 7586.722118291422 8885.152529880113 8068.576763561763 8474.046434208829 12608.945010958842 
city_5_ali535_l 228.13252270233846 280.3744971933401 259.15635077434314 266.5385528381269 258.179033210022 
gaussian_13 10.00595822635236 15.315657026238195 14.882566109804694 15.76062044689073 16.395315432715318 
gaussian_24 10.318151341495028 16.03582933408347 16.661699095624922 18.01321278078188 16.03582933408347 
circuit_10_pr107 47163.77337034089 88614.04134092556 79534.82421414828 72016.27150068886 63254.9312674873 
uniform_6 10.349430005841153 16.070496632039692 14.607328041033284 17.45161968039028 16.747567821126854 
circuit_6_p654 13465.564219435117 25913.475915680676 14712.860920305231 17353.590389501587 14727.646803141331 
city_11_nrw1379_r 20326.44906382764 38943.10998498974 39844.22392221007 22886.44788657157 22789.196357631827 
city_6_ali535_r 132.08685460882992 149.94551738045695 155.36297064883703 253.63450307711562 149.95432679063762 
circuit_1_linhp318 8845.690078045709 10003.916612133366 13674.771037513252 15409.879542653458 18621.97201311748 
gaussian_7 9.958316385737863 14.808413799931497 16.183178360721946 14.217652138338753 13.763889366851672 
uniform_10 9.80024231603195 13.720392910653727 13.094968104637788 12.456273590982288 13.006266652544493 
uniform_3 9.811231713100934 12.618201957208623 13.12739306864788 14.08925553147186 14.08925553147186 
circuit_11_pr144 35760.570270685566 40054.70925752456 41363.723681983414 61486.75462449178 40040.35842954151 
uniform_15 10.002776100167571 14.51822217866234 13.650421072750747 16.127543442879016 16.372850593584438 
uniform_22 9.616666531820865 15.716496570655194 15.916087165808248 15.716496570655194 15.011869081460864 
gaussian_2 9.650726853201181 15.28751061963314 14.861475215794004 15.632661030347741 15.169443862946862 
city_14_gr666_l 160.70518190168852 211.14355629916156 206.6363899355266 218.10393062404296 207.03759589271968 
gaussian_21 9.448930144132584 13.397271433206997 15.26629683954105 16.984309644350283 15.26629683954105 
gaussian_16 9.24478259613558 14.966660048814274 17.59418737131881 14.01627089940521 14.12412692261064 
uniform_18 9.929926841645145 15.214943262794794 15.802536065718913 16.471465302809037 17.058528531404242 
city_23_att532_r 20142.652513903937 38537.9797017303 21982.996433074462 38034.01194465877 22757.22186918282 
city_0_bier127 46171.58194782312 83398.6156466311 54552.222360447704 85663.56199428847 53421.20998081184 
city_22_att532_l 17033.62712074488 22147.38193223535 22147.38193223535 23155.313213410696 20678.645175157468 
gaussian_11 10.221352775302252 15.393740106346836 17.056069284066865 16.373468816725424 15.393740106346836 
gaussian_8 9.856780510775573 14.324721422248281 14.742479572411629 15.960175857349377 15.322551125017295 
city_21_gr229 276.142330594443 477.074181820454 324.85727032200015 356.1144296428642 339.55201091700803 
city_12_gr431 146.66320583670736 245.22873151484424 177.25579711601682 252.74530862687604 160.75431629564073 
city_18_brd14051_ul 18879.998980571163 36462.72023877225 52125.65077662918 36159.5663761932 36431.370060483394 
uniform_9 9.8175591627074 13.56620484703323 13.56620484703323 13.56620484703323 12.664032886095129 
circuit_9_pr136 39465.11134242221 67587.99432319433 70601.82892624257 51367.238434048544 89522.32754442269 
city_10_nrw1379_l 18256.72388170646 34217.05326240969 49662.10593858329 20842.761351959576 21656.011043971725 
circuit_18_d1291 7387.150638357155 13195.12413409592 8332.51982685865 13478.347930528957 13408.975427983487 
gaussian_5 10.381764330867869 13.068316775876562 16.273408995552035 17.667918054571025 14.046421409204072 
city_17_brd14051_ll 14838.048975611096 18097.390522176505 29569.75069493758 29702.541536509274 17623.868491722315 
uniform_12 9.631597655594144 13.316257203027071 12.792596737034613 12.792596737034613 14.595325078166143 
uniform_4 10.732445910023236 15.704520501149348 18.76093521620851 18.487843969760423 14.933835387225468 
uniform_20 9.65052979498801 14.621769886072176 11.878435537362549 12.886968402109844 11.2359436968085 
uniform_17 10.209661342390614 13.974175547745157 20.042099392334787 14.56624793235141 16.11980517153807 
circuit_14_fl417 5589.65457974217 10187.267677300715 11381.513275538322 6309.490753691552 6107.399372349778 
gaussian_0 9.594864665948029 16.34217341649751 16.34217341649751 17.473371031180026 15.557344545410205 
city_16_gr96 186.76886322723058 195.97262537528334 254.64002365804348 198.6581128016494 212.70281635828343 
gaussian_19 10.670404416343386 16.068824919734215 15.56785993803019 19.153964476462654 14.991593006235522 
uniform_1 9.811031254288215 12.242334585760902 12.686131283698531 15.195980441742892 13.753793849788892 
circuit_23_pr1002 31791.140403135647 61586.819434656645 59426.34633189522 81044.81190227636 80941.40779799219 
city_24_berlin52 4701.958190378028 7035.6109833332985 5558.819786976605 6532.758804989301 5524.497169951301 
gaussian_14 10.4600712908741 16.976501733492274 16.976501733492274 15.143945245354354 15.02143744532901 
gaussian_23 10.032820887287423 14.853153562628002 13.926885104916687 17.852102885027023 15.896020481126694 
circuit_15_u1060 31746.726444357122 34194.02707057214 41228.221646905826 34013.137026773096 60796.23202912659 
city_19_brd14051_lr 17865.661185812456 20010.30254817671 34350.21945808893 20269.352686621092 33533.0837544259 
city_20_brd14051_ur 24397.90820662203 46658.15353684304 26677.444600706123 27147.375660937458 46897.17150081277 
circuit_21_d493 8338.21004800568 15649.52365014947 16764.56936108644 15547.950857035356 15401.626795415423 
uniform_2 9.572841410274966 15.658225578351145 14.886829796789947 14.443268002136156 15.308117244755081 
circuit_22_u574 7013.191183292717 12220.041016287652 12226.101023819325 12496.924997727347 17186.893320123498 
gaussian_3 10.067320591800806 13.656431301594363 14.04829290437297 15.05464168637257 14.844049012476583 
city_1_usa13509_ll 2128166.8730982384 2407726.507545973 4202733.931275112 2359578.928678886 2927696.716295877 
uniform_14 9.656445842170992 16.55877381450352 15.567399438527806 14.620716374877892 13.597312678137145 
uniform_23 10.244608984717456 14.209769382272027 15.03091084646323 15.03091084646323 16.6322195811066 
circuit_16_pr76 45864.41089556478 82557.15924255073 59760.851275283094 66774.05533465663 79328.0212322971 
uniform_19 9.807033327538868 15.082271846961849 15.082271846961849 15.082271846961849 13.671794417174942 
circuit_0_a280 684.251913775264 837.614125270364 960.566116371575 805.5223294208762 892.9770549564364 
gaussian_20 9.47029327578021 14.289855912673236 13.454597918342598 15.515896446782193 15.337293429281475 
gaussian_17 9.403600358461283 16.72088854359216 15.406081688590012 15.432367258487671 19.556897953326907 
city_4_usa13509_ur 2412152.229675424 2679638.7894392847 6724679.18036898 4715828.568984165 6604441.858980003 
circuit_5_d657 8233.957482206188 14717.014398579175 15315.112178717456 10210.166751469127 14932.251032480533 
circuit_3_pr264 27638.991112568947 52842.384620879326 53785.16346412279 53397.627616210215 45699.46399665718 
gaussian_12 9.552591828115276 13.676242113391664 13.676242113391664 15.937198368493043 13.42911870837136 
circuit_2_pr124 41642.85784196342 71269.8552434082 69863.6869133235 75820.96516445518 70917.03687058146 
uniform_7 10.412223240448508 13.17438345353821 13.623475576035819 13.623475576035819 13.623475576035819 
circuit_17_u159 21985.05744999775 37544.03390689669 25024.082025211945 29212.027639684977 24654.26904468368 
city_8_fnl4461_l 23146.14845688299 44754.01725938285 25138.36206348414 25146.237348725244 43788.200739618434 
uniform_11 9.783692850997902 12.63411762273169 13.50825146491997 11.92969583893373 11.934899048290157 
city_13_gr202 129.11625632038397 251.18833159742974 150.59769921492378 342.0171573435378 239.9965140813236 
gaussian_6 8.777777827798355 13.00997934817281 13.240769754019327 13.240769754019327 13.69085162382012 
gaussian_1 10.008134577082057 16.774915753591184 19.142975771015994 16.659174312291462 17.374294494249035 
circuit_20_pr226 40046.73827823757 42692.91804633105 41804.33014906585 42122.90997525663 42664.385368892246 
gaussian_18 9.899552640652557 15.172398770278114 15.160606724384301 13.666172223055781 15.975349210029874 
uniform_21 10.138404955587808 15.430223472897575 14.324772917269579 15.937152999454387 16.663731459420543 
uniform_16 11.001379591610311 15.772797366447838 16.448096001312887 17.66096171737138 22.433453762814583 
uniform_0 9.887239424920917 14.840008501106619 14.840008501106619 14.840008501106619 15.393226597599421 
city_3_usa13509_lr 2049627.2190383386 2205204.8751247698 3951448.1894469257 2541653.3760895226 2421970.7564368006 
gaussian_15 8.89081707677772 13.046169515359207 14.379730691306833 17.151868520583708 13.473235221691079 
city_15_gr666_r 141.76532519943638 246.88868771297803 165.0566623522352 266.1990676978711 158.53510684894974 
gaussian_22 9.903843081742664 16.366349517098573 18.792417278669273 14.284867024835814 16.41515949031433 
circuit_12_d198 5892.451976422574 10767.522966799766 7076.735236073192 11989.276694011069 6707.32767711453 
city_9_fnl4461_r 26554.05087236794 29707.52638223622 34077.688377648126 29774.007759399163 51758.188688687216 
city_7_gr137 251.69308219614834 276.48105319870126 412.01792110475964 293.30480295463695 301.61720361727436 
gaussian_10 8.91670336959902 14.180605658066957 14.46101713322597 13.801169846339496 14.46101713322597 
gaussian_9 9.564111645708609 14.341402118153708 16.22808484529743 15.287875618568775 15.287875618568775 
circuit_19_pr439 35145.6570176364 38472.99751194768 62913.58153176201 39488.26984560181 91308.37360266372 
circuit_8_pcb1173 6306.75558890751 7344.898461705213 7120.706281202366 7083.638669642975 11600.957143258154 
uniform_8 10.53944138667348 19.14584496477111 16.23431267815436 15.054968045597764 16.23431267815436 
uniform_13 9.621053809467728 15.77575977212345 16.235658176699108 12.57859993539449 12.863265457228003 
uniform_24 10.461257553504677 14.289766745337793 13.986689650463234 15.725969806661581 15.725969806661581 
circuit_7_pr152 37500.60119379369 59168.12277091544 60290.91360419395 43060.61153221068 39917.751589111365 
gaussian_4 9.625527128183277 17.152205645547898 21.106500101133232 17.65156560628518 16.919746239539748 
uniform_5 9.683016000731712 15.198624356199302 14.395919645908432 15.29633406342327 15.29633406342327 
city_2_usa13509_ul 2456647.3733509243 2633715.546105373 4681810.0227839565 2685404.264656985 5170077.267234866 
