name best 50 100 150 200 
circuit_4_pr299 17652.8460195387 19188.30076420941 30669.870125953126 31021.735539140827 36609.89939457706 
circuit_24_u724 7104.523546150239 7811.846592234871 18303.875916521036 12874.118051793324 8196.504615996375 
circuit_13_pcb442 7586.722118291422 8521.363012421867 13039.918510808864 13054.150258576945 12814.842128260969 
city_5_ali535_l 228.13252270233846 283.19543098038093 283.40964785729324 262.8730639643642 345.07179528093474 
gaussian_13 10.00595822635236 15.315657026238195 15.426385956603458 15.315657026238195 15.315657026238195 
gaussian_24 10.318151341495028 16.03582933408347 15.044231413649383 16.464117488494914 16.03582933408347 
circuit_10_pr107 47163.77337034089 73552.91507199076 54827.26532901128 76185.55149261671 73139.46887609792 
uniform_6 10.349430005841153 16.070496632039692 16.070496632039692 16.070496632039692 16.575125128730644 
circuit_6_p654 13465.564219435117 21969.93235603304 17503.337623451185 25464.987153487906 14769.112418798366 
city_11_nrw1379_r 20326.44906382764 38029.580422615756 22425.410510616446 38631.08461851223 39046.26179875064 
city_6_ali535_r 132.08685460882992 152.8064616042658 152.31838380408797 153.68883042760388 159.66893286448556 
circuit_1_linhp318 8845.690078045709 14184.439272638241 13991.171034390778 10729.115678565775 10973.241522926206 
gaussian_7 9.958316385737863 14.712241830413621 14.293925160450135 14.204715007209128 17.41918985677437 
uniform_10 9.80024231603195 13.094968104637788 13.094968104637788 13.094968104637788 12.25776973026093 
uniform_3 9.811231713100934 13.874408805922181 14.08925553147186 13.224319248564838 12.236095449075759 
circuit_11_pr144 35760.570270685566 42578.17490083072 48606.48801887718 64611.813428783316 46373.81208276801 
uniform_15 10.002776100167571 15.148378222705828 14.230152262671723 15.148378222705828 16.47400696806159 
uniform_22 9.616666531820865 15.716496570655194 15.796450049299128 15.716496570655194 15.716496570655194 
gaussian_2 9.650726853201181 15.632661030347741 14.535767600542398 15.632661030347741 14.44336462493304 
city_14_gr666_l 160.70518190168852 209.92099269156654 218.3631631658905 242.95576037623206 218.08959620613416 
gaussian_21 9.448930144132584 13.595889221652918 15.26629683954105 13.760940400804486 15.26629683954105 
gaussian_16 9.24478259613558 12.547645591152962 14.12412692261064 14.12412692261064 15.519482607807465 
uniform_18 9.929926841645145 17.497335987469533 16.945113277826824 16.471465302809037 17.573030746194835 
city_23_att532_r 20142.652513903937 22857.557573107406 22366.602339191788 38030.418088244754 37921.73213835622 
city_0_bier127 46171.58194782312 86796.13342056496 115233.42836390996 116057.12455594445 53088.90448364397 
city_22_att532_l 17033.62712074488 19328.160167520997 19158.15565237971 19583.078047364597 19979.377248615303 
gaussian_11 10.221352775302252 16.570270547227317 15.393740106346836 15.36378274117334 15.02892595092581 
gaussian_8 9.856780510775573 15.36012294522931 15.960175857349377 15.960175857349377 14.9744220015391 
city_21_gr229 276.142330594443 433.4735173879248 517.4457179619083 360.13922095251735 319.6985440627565 
city_12_gr431 146.66320583670736 166.286781802509 264.49625219757326 161.54402493887608 170.50521090228284 
city_18_brd14051_ul 18879.998980571163 20685.487451860175 20504.697219667203 36146.886395563706 20407.805783587664 
uniform_9 9.8175591627074 12.338600094266008 13.56620484703323 14.563145605262976 13.56620484703323 
circuit_9_pr136 39465.11134242221 86853.65986488867 62623.60937056822 93426.90530608186 61591.183303362566 
city_10_nrw1379_l 18256.72388170646 19985.089596205533 19771.191683458837 34418.09109611371 20453.59788295653 
circuit_18_d1291 7387.150638357155 13351.908288522243 13568.804818129162 18749.534068153913 8656.861310932793 
gaussian_5 10.381764330867869 14.559164051733585 13.718344722292251 14.046421409204072 13.91157552602974 
city_17_brd14051_ll 14838.048975611096 16680.85463910976 16161.308916019263 28829.554053871412 28627.140109648175 
uniform_12 9.631597655594144 12.425795855568756 12.792596737034613 12.501479761969389 12.64771806880529 
uniform_4 10.732445910023236 14.911449438260856 16.811163842922916 16.811163842922916 15.87543532026826 
uniform_20 9.65052979498801 11.520181403531573 11.878435537362549 11.878435537362549 11.732526139221678 
uniform_17 10.209661342390614 17.679446918105857 14.518159057867269 16.41456815126073 13.974175547745157 
circuit_14_fl417 5589.65457974217 8594.042240010736 9092.46505521274 6379.265038337983 8665.355412572786 
gaussian_0 9.594864665948029 15.215003886720165 16.34217341649751 20.1901478292821 16.34217341649751 
city_16_gr96 186.76886322723058 205.42783223001967 245.2028615406973 228.08154077052907 202.1353203038454 
gaussian_19 10.670404416343386 14.973153094843207 17.86622566653411 14.653074730625733 15.71140202561747 
uniform_1 9.811031254288215 14.498563370798939 13.658052898944247 13.753793849788892 13.753793849788892 
circuit_23_pr1002 31791.140403135647 59510.19899214395 77260.53890693303 57985.167832074425 81826.46723222436 
city_24_berlin52 4701.958190378028 5332.430461922378 5369.192790454217 5390.554949675489 5415.040935432955 
gaussian_14 10.4600712908741 18.06562796047385 16.976501733492274 16.367179455289946 16.976501733492274 
gaussian_23 10.032820887287423 13.44606010712789 14.785088541859311 17.9932442317495 14.688873902293128 
circuit_15_u1060 31746.726444357122 36848.0185331333 39243.348583579 34095.2322244229 36723.71072139707 
city_19_brd14051_lr 17865.661185812456 20081.800427398663 34055.751327202146 33398.45851358613 19308.858731447108 
city_20_brd14051_ur 24397.90820662203 26388.310406508284 66919.7964924609 46526.826108537614 31204.154452417384 
circuit_21_d493 8338.21004800568 9448.165243076428 16030.187267377105 9568.12402757453 15509.953293582985 
uniform_2 9.572841410274966 11.78119592335724 14.235298974376025 13.148979164148326 12.906530911763946 
circuit_22_u574 7013.191183292717 12326.910646151628 12399.42209787881 12606.696463060965 12656.852540919972 
gaussian_3 10.067320591800806 14.844049012476583 14.844049012476583 14.844049012476583 16.785519667379848 
city_1_usa13509_ll 2128166.8730982384 5827750.148871818 5918809.819466326 2462822.29320998 2473527.446630132 
uniform_14 9.656445842170992 13.959615862486748 14.575297408627023 15.437593765911764 15.437593765911764 
uniform_23 10.244608984717456 14.929941045734545 14.083171212720284 14.31734317071299 15.03091084646323 
circuit_16_pr76 45864.41089556478 81225.4237451782 81700.67588845054 60713.54198273743 77258.69799709918 
uniform_19 9.807033327538868 13.369345626309261 15.082271846961849 12.55554156117375 13.767294892661791 
circuit_0_a280 684.251913775264 925.5088635825631 773.6696598661956 863.6381127262404 1179.3827655027187 
gaussian_20 9.47029327578021 14.514501195558852 13.783370920883714 14.943342745885765 14.514501195558852 
gaussian_17 9.403600358461283 16.44365567078524 15.279980564557757 16.632319315641492 16.72088854359216 
city_4_usa13509_ur 2412152.229675424 7098120.670151404 4623068.031710783 4783211.0780027015 4588670.173828133 
circuit_5_d657 8233.957482206188 9421.766913874391 15040.549808191327 9761.393940235368 9987.451827489062 
circuit_3_pr264 27638.991112568947 43256.758742526 64880.23329577457 67001.03038773421 55703.80474084878 
gaussian_12 9.552591828115276 13.403313015165699 13.350035964188045 13.15990711046466 15.6748923379906 
circuit_2_pr124 41642.85784196342 78855.9656178371 97430.58129563522 78855.9656178371 58810.48360483255 
uniform_7 10.412223240448508 12.639864697744551 13.623475576035819 13.390758274651057 13.621454185604291 
circuit_17_u159 21985.05744999775 25224.970187839775 36169.88972177787 37018.28055244016 24838.90040674061 
city_8_fnl4461_l 23146.14845688299 25885.319257623345 45527.5910178875 44061.86516372089 25339.20164312458 
uniform_11 9.783692850997902 12.96308735300977 12.96308735300977 14.57893028512428 14.65096701699457 
city_13_gr202 129.11625632038397 154.19822018162682 244.29540866250346 246.34158100465623 345.11586036486676 
gaussian_6 8.777777827798355 11.812343282432794 11.811627928044556 14.404239965755583 11.945797132071325 
gaussian_1 10.008134577082057 15.875769084889956 15.77904648359478 19.087034224382236 17.378937886713995 
circuit_20_pr226 40046.73827823757 70055.18501300171 43090.90189143747 69256.90174139295 43362.05853170604 
gaussian_18 9.899552640652557 12.733857122414246 15.172398770278114 13.642562234323032 15.172398770278114 
uniform_21 10.138404955587808 14.088366342790279 15.430223472897575 13.707705444321066 14.862389155239248 
uniform_16 11.001379591610311 16.2317467308196 16.448096001312887 15.788955790534613 13.91128637357899 
uniform_0 9.887239424920917 13.549831938404784 14.681630177945149 13.610644056014083 14.190661126812596 
city_3_usa13509_lr 2049627.2190383386 2454861.517590863 2162105.000186751 2265246.906267266 3976386.2183383573 
gaussian_15 8.89081707677772 15.51901819109781 13.063314230316113 14.456290396309749 14.857906609299423 
city_15_gr666_r 141.76532519943638 255.07994674070375 295.9425316933309 245.3791973231229 167.64748994802318 
gaussian_22 9.903843081742664 15.904587995914214 15.26990285197584 15.11965409543851 15.10592888994937 
circuit_12_d198 5892.451976422574 6707.32767711453 6588.979053690054 9479.068572363338 10795.456690230716 
city_9_fnl4461_r 26554.05087236794 51720.54360313064 30755.438170183173 31197.84713639202 73786.24791216652 
city_7_gr137 251.69308219614834 308.98417586617325 286.28196225909335 433.10150786473605 299.82803942826155 
gaussian_10 8.91670336959902 14.46101713322597 14.016514949683991 14.6813209452626 15.03249215740497 
gaussian_9 9.564111645708609 15.287875618568775 15.287875618568775 14.06761632367666 13.132860267172811 
circuit_19_pr439 35145.6570176364 44905.271702878126 91921.81411544768 37956.056356107554 90855.4371127476 
circuit_8_pcb1173 6306.75558890751 11324.644554940378 7613.466007423675 11285.522558852983 7080.44394984371 
uniform_8 10.53944138667348 16.23431267815436 16.23431267815436 15.246665866712416 19.874102416377408 
uniform_13 9.621053809467728 13.841131941910426 12.491246432742495 15.52671051151923 13.841131941910426 
uniform_24 10.461257553504677 15.725969806661581 14.666578473008457 15.725969806661581 17.557200624811266 
circuit_7_pr152 37500.60119379369 41558.88223294471 44300.906246724044 45501.527203795056 79086.28667712968 
gaussian_4 9.625527128183277 20.437016999921365 18.517083601762224 18.59691813352329 18.30348833220353 
uniform_5 9.683016000731712 15.29633406342327 14.388722060066566 13.662558077427486 15.135278145200044 
city_2_usa13509_ul 2456647.3733509243 2820980.6119345836 4724546.667703454 6705494.849202944 4682861.3763054395 
