11725.0 8925.0
10900.0 8975.0
10800.0 8975.0
11650.0 8725.0
11775.0 8775.0
11850.0 8875.0
11900.0 8725.0
12025.0 8625.0
12025.0 8425.0
11900.0 8325.0
11650.0 8325.0
11000.0 8575.0
11225.0 8125.0
11550.0 8125.0
11775.0 8275.0
11850.0 8125.0
11975.0 8125.0
12100.0 8125.0
12100.0 7725.0
11975.0 7725.0
11850.0 7725.0
11550.0 7725.0
11225.0 7725.0
11000.0 7775.0
11450.0 7500.0
11550.0 7500.0
11650.0 7500.0
11750.0 7500.0
11850.0 7500.0
11950.0 7500.0
12050.0 7500.0
12050.0 7200.0
11950.0 7200.0
11850.0 7200.0
11750.0 7200.0
11650.0 7200.0
11550.0 7200.0
11450.0 7200.0
11050.0 7125.0
10950.0 7125.0
10850.0 7125.0
10750.0 7125.0
10650.0 7125.0
10550.0 7125.0
10450.0 7125.0
8650.0 6900.0
11425.0 6975.0
11575.0 6925.0
11850.0 6975.0
11975.0 6975.0
