3925.0 5650.0
3925.0 5350.0
3925.0 5150.0
3925.0 4850.0
3925.0 4650.0
3925.0 4350.0
4025.0 4350.0
4125.0 4350.0
4225.0 4350.0
4225.0 4650.0
4125.0 4650.0
4025.0 4650.0
4025.0 4850.0
4125.0 4850.0
4225.0 4850.0
4225.0 5150.0
4125.0 5150.0
4025.0 5150.0
4025.0 5350.0
4125.0 5350.0
4225.0 5350.0
4225.0 5650.0
4125.0 5650.0
4025.0 5650.0
4025.0 5850.0
4125.0 5850.0
4225.0 5850.0
9675.0 4350.0
9675.0 4650.0
9675.0 4850.0
9675.0 5150.0
9675.0 5350.0
9675.0 5650.0
9675.0 5850.0
9775.0 5850.0
9875.0 5850.0
9875.0 5650.0
9775.0 5650.0
9775.0 5350.0
9875.0 5350.0
9775.0 5150.0
9875.0 5150.0
9875.0 4850.0
9775.0 4850.0
9775.0 4650.0
9875.0 4650.0
9875.0 4350.0
9775.0 4350.0
9775.0 4150.0
9875.0 4150.0
