10108.1 4396.92
10108.1 4496.85
10208.2 4396.92
10308.2 4496.85
10408.3 4197.05
10808.6 4296.98
10808.6 4396.92
10508.4 4496.85
10508.4 4596.77
10708.5 4596.77
10808.6 4696.7
10408.3 4996.5
10508.4 4996.5
10808.6 4996.5
10908.7 4996.5
10858.7 4946.53
11008.8 4696.7
11259.0 4546.81
11108.9 4396.92
11008.8 4296.98
11008.8 4396.92
11108.9 4296.98
11959.5 4446.88
12009.6 4396.92
12159.7 4346.95
12560.0 4446.88
12409.9 4496.85
12309.8 4596.77
12460.0 4746.67
12460.0 4846.6
12460.0 4946.53
12760.2 4946.53
12760.2 5146.39
12460.0 5146.39
12259.8 5046.46
12059.6 4946.53
11809.4 4996.5
11509.2 5096.42
11609.3 4896.57
11559.2 4446.88
11609.3 4396.92
11659.3 4546.81
11409.1 4896.57
11309.0 4896.57
11459.2 5046.46
13160.5 4746.67
13310.6 4496.85
13260.6 4247.02
10358.3 5146.39
10158.1 4946.53
