2995.9 1758.4
3002.3 1720.3
2964.2 1707.6
3059.4 1707.6
3097.5 1707.6
2805.4 1701.3
3078.5 1694.9
2894.3 1688.6
2951.5 1650.5
3135.6 1625.1
3078.5 1625.1
3059.4 1625.1
2913.4 1618.7
3015.0 1606.0
2830.8 1593.3
3129.3 1580.6
2932.4 1548.9
3046.2 1547.3
3072.2 1547.3
3098.2 1547.3
3124.2 1547.3
3065.7 1524.6
3111.2 1524.6
2964.2 1510.8
2997.5 1492.1
2824.5 1485.4
3020.2 1479.1
2837.2 1466.3
2997.5 1466.1
3104.7 1466.1
3130.7 1466.1
3078.7 1446.6
3117.7 1443.3
2900.7 1440.9
2997.5 1440.1
3020.2 1427.1
3078.7 1420.6
3127.5 1417.3
2997.5 1414.1
3101.5 1407.6
2951.5 1402.8
3020.2 1401.1
3078.7 1394.6
2997.5 1388.1
2938.8 1383.8
2875.3 1383.8
3101.5 1381.6
3020.2 1375.1
3078.7 1368.6
2799.1 1364.7
