2183.2 1694.9
2107.0 1694.9
1929.2 1720.3
2005.4 1720.3
2107.0 1720.3
2183.2 1720.3
2284.8 1745.7
2183.2 1745.7
2107.0 1745.7
2005.4 1745.7
1929.2 1745.7
1929.2 1771.1
2005.4 1771.1
2107.0 1771.1
2183.2 1771.1
2183.2 1796.5
2107.0 1796.5
2005.4 1796.5
1929.2 1796.5
1929.2 1821.9
2005.4 1821.9
2107.0 1821.9
2183.2 1821.9
2183.2 1847.3
2107.0 1847.3
2005.4 1847.3
1929.2 1847.3
1929.2 1872.7
2005.4 1872.7
2107.0 1872.7
2183.2 1872.7
2132.4 1999.7
2030.8 1999.7
1878.4 1999.7
1764.1 1999.7
1764.1 2025.1
1878.4 2025.1
2030.8 2025.1
2132.4 2025.1
2132.4 2050.5
2030.8 2050.5
1878.4 2050.5
1764.1 2050.5
1764.1 2075.9
1878.4 2075.9
2030.8 2075.9
2132.4 2075.9
2132.4 2101.3
2030.8 2101.3
1878.4 2101.3
