5550.0 8875.0
5675.0 4825.0
5675.0 4925.0
5875.0 6775.0
5875.0 6925.0
5875.0 7075.0
5875.0 7225.0
8125.0 5700.0
8225.0 5700.0
8325.0 5700.0
8425.0 5700.0
8525.0 5700.0
8675.0 7600.0
8675.0 7700.0
8675.0 7800.0
8675.0 7900.0
8675.0 8000.0
8675.0 8100.0
8675.0 8200.0
8675.0 8300.0
8675.0 8400.0
8675.0 8500.0
10850.0 9175.0
10900.0 8875.0
11050.0 8875.0
10850.0 5050.0
10850.0 4950.0
10850.0 4825.0
10850.0 4725.0
11050.0 4425.0
11500.0 4425.0
11800.0 4425.0
11500.0 6150.0
11700.0 6150.0
11500.0 8875.0
11800.0 8875.0
12075.0 9225.0
12075.0 9125.0
12100.0 8875.0
12425.0 7225.0
12425.0 7075.0
12425.0 6925.0
12425.0 6775.0
12075.0 5075.0
12075.0 4975.0
12225.0 4925.0
12225.0 4825.0
12075.0 4775.0
12075.0 4675.0
12100.0 4425.0
