2077.3 1712.5
2128.11 1687.11
2382.11 1636.31
2445.61 1585.51
2483.69 1585.51
2474.9 1556.19
2449.49 1556.19
2386.0 1530.8
2360.61 1530.8
2382.11 1471.19
2360.61 1403.81
2335.2 1403.81
2293.2 1356.89
2331.31 1331.5
2195.51 1353.01
2157.4 1403.81
2157.4 1429.2
2208.2 1480.0
2081.19 1606.99
2030.39 1657.79
1954.2 1734.0
1903.4 1708.59
1827.21 1632.4
1776.41 1734.0
1772.5 1712.5
1772.5 1534.71
1772.5 1509.3
1747.11 1433.11
1772.5 1306.09
1924.9 1280.7
1966.89 1327.6
1941.5 1340.29
1928.81 1403.81
1903.4 1403.81
1878.01 1403.81
1903.4 1480.0
1966.89 1606.99
1937.6 1610.9
1975.7 1534.71
2026.5 1483.91
2005.0 1454.61
2051.89 1458.5
2128.11 1509.3
2128.11 1458.5
2081.19 1403.81
2005.0 1353.01
2140.8 1280.7
2356.7 1280.7
2356.7 1331.5
2407.5 1369.61
