1067.08 1929.96
1179.41 1924.06
1049.35 1924.06
1037.53 1924.06
1126.2 1918.15
1090.73 1918.15
984.319 1918.15
1031.61 1906.34
996.143 1906.34
1049.35 1900.44
1185.32 1894.53
1114.38 1894.53
1078.91 1882.72
1013.88 1876.82
1185.32 1646.52
1149.85 1445.75
1031.61 1422.13
1108.47 1416.22
1031.61 1410.32
1268.09 1244.98
1226.7 1002.87
1149.85 996.967
1037.53 802.101
1114.38 796.196
1090.73 796.196
1132.11 790.29
1108.47 790.29
1013.88 790.29
1268.09 784.386
1114.38 784.386
1031.61 784.386
1238.53 778.481
1096.64 778.481
1049.35 778.481
978.407 778.481
1232.62 772.576
1185.32 772.576
1078.91 772.576
1055.26 772.576
1019.79 772.576
1214.88 766.67
1191.23 766.67
1167.59 766.67
1084.82 766.67
1073.0 766.67
1232.62 760.765
1161.67 760.765
1262.18 754.861
1179.41 754.861
1025.7 754.861
