2775.0 8445.0
2775.0 5895.0
2825.0 5575.0
2825.0 8125.0
8353.0 9397.0
8349.0 7556.0
8353.0 6847.0
8349.0 5006.0
8353.0 4297.0
8474.0 4327.0
8576.0 4353.0
8575.0 4875.0
8474.0 6877.0
8576.0 6903.0
8575.0 7425.0
8474.0 9427.0
8669.0 9450.0
8625.0 7325.0
8675.0 7125.0
8675.0 6975.0
8669.0 6900.0
8625.0 4775.0
8675.0 4575.0
8675.0 4425.0
8669.0 4350.0
9250.0 4400.0
9250.0 5550.0
9250.0 6950.0
9250.0 8100.0
9498.0 8655.0
9500.0 7500.0
9498.0 6105.0
9500.0 4950.0
9498.0 3555.0
9775.0 3525.0
9784.0 4648.0
9757.0 4731.0
9775.0 4925.0
9775.0 6075.0
9784.0 7198.0
9757.0 7281.0
9775.0 7475.0
9775.0 8625.0
9925.0 8445.0
9975.0 8125.0
9925.0 5895.0
9975.0 5575.0
9925.0 3345.0
15499.0 7556.0
15499.0 5006.0
