6375.0 3375.0
6475.0 4675.0
6475.0 4875.0
6475.0 5275.0
6475.0 5475.0
6550.0 7625.0
6375.0 8650.0
6375.0 9750.0
6975.0 9750.0
6675.0 9750.0
6675.0 8650.0
6875.0 8650.0
6850.0 7275.0
6600.0 7275.0
6600.0 6675.0
6850.0 6675.0
7100.0 5425.0
7100.0 5275.0
7100.0 5075.0
7100.0 4875.0
7100.0 4675.0
6925.0 3300.0
7700.0 3725.0
7850.0 3700.0
7700.0 4725.0
7750.0 7475.0
8125.0 7525.0
8500.0 7475.0
8500.0 8225.0
7600.0 9025.0
8350.0 9025.0
7975.0 9075.0
8350.0 9775.0
9375.0 11225.0
9475.0 10275.0
9275.0 10050.0
10375.0 9525.0
10155.0 11225.0
11175.0 9800.0
11275.0 9475.0
10650.0 9400.0
11275.0 9175.0
11125.0 5350.0
11025.0 4750.0
11000.0 4600.0
11000.0 3600.0
11650.0 3350.0
11725.0 4825.0
12500.0 5950.0
12825.0 3800.0
