1440.2 1250.4
1541.8 1275.8
1491.0 1301.2
1541.8 1301.2
1643.4 1301.2
1668.8 1326.6
1618.0 1326.6
1567.2 1326.6
1516.4 1326.6
1465.6 1326.6
1465.6 1352.0
1694.2 1352.0
1618.0 1377.4
1516.4 1377.4
1465.6 1402.8
1567.2 1402.8
1592.6 1402.8
1618.0 1402.8
1694.2 1428.2
1668.8 1428.2
1541.8 1428.2
1440.2 1428.2
1465.6 1453.6
1491.0 1453.6
1668.8 1453.6
1694.2 1453.6
1618.0 1479.0
1592.6 1479.0
1567.2 1479.0
1516.4 1479.0
1592.6 1504.4
1618.0 1504.4
1668.8 1529.8
1694.2 1529.8
1745.0 1529.8
1821.2 1529.8
1846.6 1529.8
1948.2 1529.8
1922.8 1555.2
1897.4 1555.2
1872.0 1555.2
1821.2 1555.2
1795.8 1555.2
1770.4 1555.2
1770.4 1656.8
1795.8 1656.8
1821.2 1656.8
1872.0 1656.8
1922.8 1656.8
2024.4 1402.8
