6775.0 2075.0
6975.0 2075.0
6425.0 2075.0
6025.0 2075.0
5075.0 2075.0
4525.0 2150.0
4600.0 2225.0
4600.0 2325.0
4775.0 2125.0
5175.0 2325.0
5450.0 2375.0
6775.0 2225.0
7275.0 2275.0
7075.0 2175.0
7425.0 2325.0
7525.0 2375.0
7475.0 2175.0
5350.0 2400.0
5450.0 2525.0
5450.0 2675.0
5250.0 2400.0
5175.0 2475.0
5175.0 2675.0
5075.0 2575.0
4975.0 2525.0
5025.0 2675.0
4875.0 2675.0
4975.0 2825.0
5075.0 2775.0
5175.0 2875.0
5450.0 2825.0
5450.0 2925.0
6125.0 2875.0
6025.0 2875.0
7425.0 2875.0
7425.0 3275.0
7425.0 3125.0
7425.0 3025.0
7325.0 3225.0
6125.0 3025.0
6025.0 3175.0
5375.0 3250.0
5275.0 3250.0
5450.0 3025.0
5175.0 3150.0
5075.0 3275.0
4525.0 3200.0
4575.0 3125.0
4575.0 3025.0
4775.0 3225.0
