1824.8 1634.8
1799.39 1507.79
1799.39 1456.99
2167.7 1272.85
2205.8 1558.59
2332.79 1558.59
2447.11 1584.0
2434.39 1406.19
2434.39 1355.39
2459.8 1330.0
2485.2 1279.2
2523.3 1355.39
2523.3 1584.0
2434.39 1304.61
2472.5 1558.59
2447.11 1558.59
2383.59 1469.71
2510.61 1685.61
2358.2 1279.2
2294.71 1355.39
2332.79 1304.61
2358.2 1330.0
2358.2 1634.8
2307.4 1634.8
2281.99 1558.59
2243.91 1279.2
2281.99 1634.8
2129.61 1507.79
2155.0 1304.61
2129.61 1685.61
2155.0 1634.8
2078.81 1609.39
2155.0 1406.19
2053.4 1507.79
2002.6 1355.39
2053.4 1431.6
2053.4 1685.61
2129.61 1380.8
2129.61 1456.99
2078.81 1279.2
2028.01 1736.41
2002.6 1685.61
1977.21 1431.6
1901.0 1406.19
1977.21 1533.2
2002.6 1507.79
1926.41 1304.61
1939.1 1609.39
1850.2 1304.61
1850.2 1406.19
