9104.0 5256.0
8997.0 5256.0
9055.0 5554.0
9054.0 5447.0
9250.0 5450.0
9250.0 6050.0
9400.0 6000.0
9550.0 6100.0
9800.0 6050.0
9900.0 6150.0
10050.0 6050.0
10150.0 6050.0
9900.0 5500.0
10000.0 5350.0
10400.0 5350.0
10550.0 5350.0
10400.0 5500.0
10550.0 5500.0
10500.0 5700.0
10500.0 5850.0
10450.0 6000.0
10450.0 6150.0
10300.0 6000.0
10300.0 6150.0
10750.0 6600.0
10750.0 7000.0
10300.0 6650.0
10150.0 6550.0
10050.0 6450.0
9900.0 6550.0
9900.0 7000.0
9800.0 6550.0
9550.0 6500.0
9400.0 6400.0
9250.0 6550.0
9000.0 6700.0
9000.0 6350.0
9000.0 5950.0
9000.0 7300.0
9200.0 7450.0
9400.0 7450.0
10400.0 7450.0
10650.0 7350.0
11248.0 6057.0
11300.0 5500.0
11000.0 5500.0
10856.0 5606.0
10749.0 5607.0
10748.0 5500.0
9800.0 5750.0
