13085.0 3075.0
11893.0 3075.0
11268.0 3075.0
5300.0 3385.0
7275.0 3385.0
12450.0 3385.0
12450.0 4515.0
7275.0 4515.0
5300.0 4515.0
5935.0 4825.0
6560.0 4825.0
11268.0 4825.0
11893.0 4825.0
12450.0 5140.0
10250.0 5225.0
7275.0 5140.0
7275.0 5310.0
12450.0 5310.0
13085.0 5625.0
11893.0 5625.0
11268.0 5625.0
6560.0 5625.0
5935.0 5625.0
5300.0 5935.0
7275.0 5935.0
12450.0 5935.0
12450.0 7065.0
7275.0 7065.0
5935.0 7375.0
6560.0 7375.0
11268.0 7375.0
11893.0 7375.0
13085.0 7375.0
12450.0 7690.0
7275.0 7690.0
7275.0 7860.0
10250.0 7775.0
12450.0 7860.0
13085.0 8175.0
11893.0 8175.0
11268.0 8175.0
6560.0 8175.0
5935.0 8175.0
7275.0 8485.0
12450.0 8485.0
12450.0 9615.0
7275.0 9615.0
5300.0 9615.0
5935.0 9925.0
6560.0 9925.0
