2467.5 3587.5
2497.5 3587.5
2572.5 3677.5
2647.5 3782.5
2662.5 3977.5
3307.5 3377.5
3337.5 3347.5
3322.5 3632.5
3712.5 3677.5
4237.5 4022.5
4267.5 4007.5
4312.5 3932.5
4252.5 3932.5
4222.5 3902.5
4327.5 3887.5
4297.5 3872.5
4297.5 3842.5
4327.5 3827.5
4207.5 3827.5
4222.5 3767.5
4252.5 3767.5
4237.5 3722.5
4267.5 3707.5
4312.5 3692.5
4252.5 3662.5
4312.5 3647.5
4297.5 3632.5
4342.5 3617.5
4222.5 3602.5
4327.5 3587.5
4327.5 3527.5
4282.5 3467.5
4207.5 3467.5
4342.5 3437.5
4327.5 3422.5
4327.5 3392.5
4237.5 3362.5
3697.5 3482.5
1477.5 4022.5
1357.5 3962.5
1417.5 3932.5
1372.5 3827.5
1507.5 3827.5
1432.5 3767.5
1372.5 3737.5
1492.5 3662.5
1357.5 3602.5
1507.5 3587.5
1387.5 3527.5
1342.5 3377.5
