2126.0 1599.7
1929.2 1618.7
2049.8 1618.7
2107.0 1618.7
2284.8 1618.7
2367.3 1644.1
2183.2 1644.1
2113.3 1644.1
2018.1 1644.1
1929.2 1669.5
2037.1 1669.5
2234.0 1669.5
2462.6 1669.5
2564.2 1669.5
2430.8 1675.9
2297.5 1701.3
2570.5 1707.6
2075.2 1745.7
2405.4 1745.7
2437.2 1745.7
2253.0 1758.4
2030.8 1783.8
2157.8 1796.5
2583.2 1796.5
2081.6 1802.9
2030.8 1821.9
2030.8 1847.3
2132.4 1847.3
2475.3 1898.1
2265.7 1898.1
1903.8 1904.5
1891.1 1917.2
2348.3 1923.5
2316.5 1942.6
2005.4 2075.9
1929.2 2088.6
2576.9 2101.3
1948.2 2107.7
1973.6 2139.4
2227.6 2164.8
2100.6 2164.8
2081.6 2177.5
1929.2 2190.2
2151.4 2190.2
2462.6 2202.9
2075.2 2228.3
2170.5 2228.3
2500.7 2228.3
2475.3 1618.7
2538.8 1644.1
