5475.0 3000.0
8725.0 2850.0
8725.0 2950.0
8725.0 3050.0
8725.0 3200.0
8725.0 3300.0
8725.0 3400.0
8725.0 3500.0
8725.0 3600.0
8725.0 3700.0
8725.0 3800.0
9725.0 3850.0
12025.0 3300.0
12525.0 6500.0
12525.0 6700.0
12525.0 6600.0
12525.0 6800.0
12525.0 6900.0
12525.0 7000.0
12525.0 7100.0
12525.0 7200.0
12625.0 9050.0
12525.0 8450.0
12525.0 8650.0
12525.0 8550.0
12525.0 8750.0
12525.0 8950.0
12525.0 8850.0
12525.0 9050.0
10075.0 8800.0
9975.0 8800.0
9875.0 8800.0
9775.0 8800.0
4975.0 8550.0
4975.0 8650.0
4975.0 8750.0
4975.0 8850.0
4975.0 8950.0
9525.0 11850.0
10175.0 11850.0
10275.0 11850.0
10375.0 11850.0
10475.0 11850.0
10675.0 11850.0
10775.0 11850.0
11025.0 11850.0
11125.0 11850.0
11225.0 11850.0
11325.0 11850.0
11425.0 11850.0
