9860.0 14152.0
9396.0 14616.0
11252.0 14848.0
11020.0 13456.0
10788.0 13804.0
10208.0 14384.0
11600.0 13456.0
11252.0 14036.0
10672.0 15080.0
11136.0 14152.0
9860.0 13108.0
10092.0 14964.0
9512.0 13340.0
10556.0 13688.0
9628.0 14036.0
10904.0 13108.0
11368.0 12644.0
11252.0 13340.0
10672.0 13340.0
11020.0 13108.0
11020.0 13340.0
11136.0 13572.0
11020.0 13688.0
8932.0 12064.0
9512.0 12412.0
9164.0 12876.0
9744.0 12528.0
8468.0 12876.0
8700.0 14036.0
8932.0 13688.0
9048.0 13804.0
8468.0 12296.0
9164.0 13340.0
8584.0 13108.0
9744.0 15196.0
9164.0 14964.0
8700.0 15312.0
11484.0 13224.0
12064.0 12528.0
11368.0 12296.0
10556.0 11948.0
10324.0 11716.0
12064.0 14964.0
10440.0 14036.0
10672.0 13804.0
10788.0 13572.0
10672.0 14152.0
10208.0 15196.0
10440.0 14732.0
9164.0 15544.0
