4094.0 5036.0
4095.0 5076.0
4099.0 4966.0
4100.0 5014.0
4103.0 4897.0
4108.0 5050.0
4114.0 4918.0
4114.0 4992.0
4117.0 5087.0
4122.0 4937.0
4123.0 5066.0
4124.0 5018.0
4131.0 4895.0
4132.0 5093.0
4133.0 4946.0
4133.0 5032.0
4134.0 5052.0
4142.0 4994.0
4144.0 5063.0
4146.0 5013.0
4146.0 5083.0
4149.0 4978.0
4151.0 4935.0
4163.0 5090.0
4171.0 4908.0
4173.0 4887.0
4179.0 5003.0
4179.0 5035.0
4181.0 5060.0
4185.0 5024.0
4186.0 4954.0
4186.0 5076.0
4192.0 4923.0
4192.0 4992.0
4193.0 5093.0
4195.0 4886.0
4195.0 4906.0
4196.0 4981.0
4208.0 4882.0
4221.0 5064.0
4233.0 4890.0
4237.0 4917.0
4237.0 4973.0
4246.0 4955.0
4247.0 4940.0
4250.0 5052.0
4252.0 4907.0
4262.0 4967.0
4265.0 5087.0
4266.0 4935.0
