3978.0 6897.0
3979.0 6917.0
3982.0 7082.0
3983.0 7111.0
3988.0 7008.0
3988.0 7020.0
3988.0 7043.0
3988.0 7059.0
3992.0 6895.0
3993.0 6952.0
3994.0 6940.0
3994.0 7087.0
4004.0 6894.0
4004.0 6964.0
4004.0 6997.0
4007.0 6926.0
4008.0 7036.0
4008.0 7062.0
4010.0 6872.0
4010.0 7077.0
4012.0 6910.0
4013.0 6950.0
4015.0 6883.0
4018.0 6896.0
4019.0 7097.0
4020.0 7046.0
4020.0 7061.0
4023.0 7112.0
4031.0 7036.0
4034.0 6912.0
4042.0 6898.0
4043.0 7096.0
4051.0 7057.0
4055.0 6864.0
4055.0 7044.0
4064.0 6994.0
4092.0 7098.0
4095.0 6921.0
4103.0 6966.0
4122.0 6868.0
4131.0 6836.0
4144.0 6931.0
4146.0 7030.0
4163.0 6989.0
4164.0 7013.0
4167.0 6922.0
4168.0 7065.0
4177.0 7111.0
4189.0 6963.0
4203.0 6997.0
