7534.0 4227.0
7349.0 4219.0
7128.0 4215.0
7549.0 4208.0
7542.0 4198.0
7216.0 4180.0
7601.0 4171.0
7355.0 4151.0
7604.0 4146.0
7541.0 4141.0
7506.0 4138.0
7562.0 4058.0
7344.0 4046.0
7124.0 4039.0
7466.0 4037.0
7345.0 3951.0
7271.0 3948.0
7660.0 3924.0
7449.0 3911.0
7388.0 3879.0
7351.0 3877.0
7423.0 3776.0
7342.0 3775.0
7429.0 3737.0
7262.0 3725.0
7603.0 3690.0
7331.0 3634.0
7667.0 3608.0
7370.0 3588.0
7492.0 3560.0
7408.0 3534.0
7141.0 3514.0
7633.0 3499.0
7199.0 3469.0
7494.0 3430.0
7321.0 3429.0
7582.0 3396.0
7422.0 3390.0
7475.0 3388.0
7654.0 3377.0
7316.0 3360.0
7533.0 3358.0
7452.0 3339.0
7076.0 3302.0
7657.0 3301.0
7082.0 3235.0
7453.0 3229.0
7299.0 3219.0
7532.0 3175.0
7434.0 3173.0
