7918.0 7979.0
7919.0 7484.0
7925.0 7808.0
7931.0 7667.0
7936.0 7566.0
7938.0 7970.0
7946.0 8021.0
7947.0 7526.0
7961.0 7456.0
7962.0 7890.0
7965.0 8052.0
7966.0 7800.0
7967.0 7769.0
7967.0 8002.0
7971.0 7689.0
7976.0 7578.0
7982.0 7659.0
7983.0 7871.0
7990.0 7932.0
7996.0 8043.0
8001.0 7700.0
8006.0 7569.0
8007.0 8004.0
8011.0 7933.0
8012.0 7893.0
8016.0 7812.0
8026.0 8035.0
8029.0 7519.0
8030.0 7954.0
8033.0 7661.0
8037.0 7782.0
8040.0 7722.0
8042.0 7904.0
8045.0 7601.0
8047.0 7571.0
8047.0 8015.0
8061.0 7480.0
8063.0 7652.0
8077.0 8037.0
8088.0 7775.0
8091.0 7714.0
8092.0 7451.0
8098.0 8007.0
8100.0 7967.0
8117.0 8049.0
8118.0 7796.0
8121.0 7958.0
8122.0 7928.0
8129.0 7756.0
8133.0 7685.0
