351055.556 830966.667
351436.111 828213.889
351750.0 821894.444
352333.333 827344.444
352361.111 823494.444
352530.556 821972.222
352541.667 827002.778
352800.0 824222.222
352983.333 824833.333
353111.111 824441.667
353186.111 824611.111
353463.889 824722.222
353691.667 819569.444
353694.444 824930.556
354686.111 830041.667
354886.111 829888.889
355327.778 828375.0
355333.333 829108.333
355336.111 825286.111
355497.222 826502.778
355977.778 824000.0
356008.333 825541.667
356177.778 823213.889
356288.889 821808.333
356333.333 825822.222
356441.667 823030.556
356577.778 820255.556
356838.889 820094.444
356841.667 819919.444
356969.444 825608.333
357044.444 820361.111
357972.222 826841.667
358263.889 825494.444
358922.222 828291.667
359152.778 820647.222
359669.444 831877.778
361305.556 824247.222
361450.0 824169.444
361572.222 819783.333
361630.556 828311.111
361894.444 829586.111
361961.111 820705.556
362569.444 830861.111
362586.111 831952.778
362841.667 821727.778
362941.667 824736.111
363063.889 821933.333
363133.333 823536.111
363486.111 822108.333
363722.222 822258.333
