410758.333 775888.889
410780.556 764147.222
410844.444 768641.667
411019.444 767713.889
411072.222 774847.222
411202.778 765302.778
411247.222 774300.0
411263.889 774719.444
411369.444 774472.222
411458.333 774216.667
411530.556 761505.556
411550.0 759786.111
411750.0 760750.0
411847.222 773141.667
411969.444 759286.111
412052.778 760052.778
412055.556 767858.333
412102.778 758969.444
412222.222 758633.333
412225.0 770372.222
412319.444 769994.444
412402.778 759450.0
412411.111 767241.667
412411.111 770013.889
412450.0 759311.111
412458.333 758816.667
412541.667 769208.333
412694.444 759166.667
412752.778 758505.556
412780.556 758975.0
412788.889 758786.111
412797.222 767133.333
412800.0 759125.0
412888.889 758058.333
412916.667 758750.0
413116.667 758377.778
413197.222 758463.889
413205.556 758194.444
413250.0 757458.333
413258.333 757897.222
413269.444 757736.111
413275.0 757933.333
413361.111 759636.111
413397.222 757366.667
413438.889 757388.889
413533.333 757386.111
413833.333 760250.0
413947.222 757069.444
414886.111 757088.889
415241.667 764011.111
