5562.0 7927.0
5562.0 8006.0
5562.0 8025.0
5562.0 8063.0
5572.0 8418.0
5573.0 7914.0
5575.0 7998.0
5575.0 8330.0
5576.0 8236.0
5580.0 8041.0
5582.0 8090.0
5582.0 8156.0
5583.0 7988.0
5583.0 8011.0
5604.0 7921.0
5607.0 7997.0
5614.0 8364.0
5616.0 8554.0
5620.0 8015.0
5620.0 8103.0
5625.0 8179.0
5628.0 8482.0
5633.0 8314.0
5637.0 7995.0
5640.0 8164.0
5644.0 7940.0
5649.0 7914.0
5649.0 8510.0
5654.0 8683.0
5656.0 8630.0
5659.0 7955.0
5662.0 8129.0
5662.0 8466.0
5663.0 8055.0
5664.0 8382.0
5666.0 8024.0
5667.0 8318.0
5682.0 8624.0
5684.0 7961.0
5685.0 8107.0
5690.0 8152.0
5690.0 8188.0
5700.0 8466.0
5704.0 8568.0
5713.0 8518.0
5718.0 8238.0
5719.0 8339.0
5722.0 8050.0
5724.0 8276.0
5728.0 7898.0
