4309.0 7108.0
4329.0 7388.0
4337.0 7238.0
4338.0 7076.0
4339.0 7337.0
4361.0 7371.0
4370.0 7071.0
4375.0 7229.0
4376.0 7203.0
4382.0 7134.0
4395.0 7052.0
4398.0 7052.0
4408.0 7239.0
4417.0 7353.0
4424.0 7151.0
4430.0 7318.0
4433.0 7033.0
4452.0 7389.0
4461.0 7222.0
4469.0 7236.0
4477.0 7177.0
4478.0 7114.0
4480.0 7029.0
4480.0 7158.0
4481.0 7315.0
4493.0 7291.0
4501.0 7412.0
4526.0 7069.0
4533.0 7359.0
4535.0 7032.0
4535.0 7118.0
4542.0 7177.0
4549.0 7243.0
4561.0 7198.0
4566.0 7130.0
4567.0 7387.0
4569.0 7266.0
4579.0 7338.0
4581.0 7203.0
4585.0 7186.0
4591.0 7078.0
4602.0 7125.0
4606.0 7042.0
4606.0 7394.0
4608.0 7263.0
4608.0 7290.0
4626.0 7077.0
4631.0 7327.0
4633.0 7207.0
4649.0 7401.0
