343858.333 961280.556
344666.667 960530.556
345044.444 971191.667
345077.778 969680.556
345380.556 962183.333
346047.222 964238.889
346227.778 973961.111
346275.0 968405.556
346433.333 971641.667
346525.0 965258.333
347400.0 972219.444
347744.444 966780.556
347966.667 969591.667
348172.222 974055.556
348266.667 972588.889
348611.111 966652.778
348788.889 964122.222
349180.556 973141.667
349594.444 967525.0
349894.444 969233.333
350136.111 973608.333
350147.222 973352.778
350802.778 963988.889
350872.222 973347.222
351302.778 967755.556
351391.667 973944.444
351461.111 966697.222
351586.111 964930.556
352225.0 974391.667
352244.444 966702.778
352369.444 974061.111
352375.0 962413.889
352577.778 969363.889
352605.556 971194.444
353272.222 969250.0
353355.556 961361.111
354325.0 963047.222
354358.333 970911.111
354397.222 959816.667
354419.444 974405.556
354494.444 973963.889
354580.556 959411.111
354866.667 966847.222
354894.444 971633.333
354911.111 973227.778
354975.0 972686.111
355033.333 969025.0
355227.778 973769.444
355658.333 972866.667
356080.556 968208.333
