6611.0 7336.0
6616.0 7458.0
6620.0 7144.0
6620.0 7367.0
6622.0 7549.0
6623.0 7064.0
6625.0 7256.0
6638.0 7408.0
6640.0 7600.0
6644.0 7044.0
6651.0 7125.0
6654.0 7510.0
6663.0 7308.0
6664.0 7278.0
6670.0 7146.0
6671.0 7581.0
6674.0 7046.0
6674.0 7521.0
6677.0 7440.0
6684.0 7299.0
6689.0 7178.0
6691.0 7370.0
6694.0 7511.0
6701.0 7593.0
6705.0 7047.0
6711.0 7138.0
6712.0 7108.0
6718.0 7209.0
6720.0 7169.0
6723.0 7088.0
6724.0 7078.0
6727.0 7240.0
6733.0 7331.0
6734.0 7058.0
6736.0 7261.0
6737.0 7473.0
6745.0 7504.0
6749.0 7190.0
6751.0 7140.0
6752.0 7110.0
6752.0 7585.0
6764.0 7080.0
6765.0 7282.0
6769.0 7191.0
6769.0 7434.0
6777.0 7485.0
6783.0 7343.0
6784.0 7556.0
6790.0 7415.0
6791.0 7162.0
