424975.0 941677.778
425202.778 933758.333
425225.0 932511.111
425511.111 946836.111
425813.889 948458.333
426055.556 950025.0
426144.444 941458.333
426213.889 951730.556
426411.111 952094.444
426566.667 935008.333
426641.667 939041.667
427200.0 942000.0
427208.333 942150.0
427294.444 944475.0
427316.667 937327.778
427355.556 946688.889
427419.444 932022.222
427819.444 949483.333
428127.778 945266.667
428461.111 936138.889
428466.667 948516.667
428933.333 932150.0
428933.333 951508.333
429377.778 937930.556
429569.444 944408.333
430069.444 936027.778
430619.444 944266.667
430700.0 942327.778
430883.333 939900.0
430977.778 938016.667
431025.0 936016.667
431127.778 946827.778
431263.889 934775.0
431291.667 948988.889
431413.889 951441.667
431536.111 932008.333
431975.0 942194.444
432369.444 940411.111
432377.778 947511.111
432625.0 936369.444
432872.222 932019.444
432927.778 942177.778
432947.222 945113.889
433247.222 951497.222
433713.889 937733.333
433858.333 939463.889
433863.889 951480.556
433961.111 944780.556
434016.667 948325.0
434194.444 935330.556
