5315.0 3557.0
5316.0 3554.0
4232.0 3551.0
5160.0 3517.0
4694.0 3502.0
5400.0 3461.0
4364.0 3362.0
4857.0 3359.0
3229.0 3312.0
5539.0 3235.0
4252.0 3206.0
5342.0 3188.0
4537.0 3143.0
5531.0 3011.0
4458.0 3007.0
5291.0 2929.0
4196.0 2929.0
4831.0 2917.0
2835.0 2912.0
5350.0 2867.0
4898.0 2840.0
3307.0 2833.0
4929.0 2803.0
5470.0 2774.0
4763.0 2720.0
3461.0 2718.0
4584.0 2643.0
3174.0 2627.0
4476.0 2555.0
5296.0 2520.0
3189.0 2411.0
5117.0 2409.0
4973.0 2406.0
4488.0 2378.0
4612.0 2341.0
3233.0 2329.0
5260.0 2230.0
4174.0 2190.0
3319.0 2151.0
4959.0 2123.0
4996.0 2115.0
5277.0 2078.0
3390.0 2043.0
4012.0 1886.0
4759.0 1883.0
5506.0 1719.0
2908.0 1681.0
5060.0 1577.0
4056.0 1564.0
4719.0 1504.0
