6213.0 3789.0
6215.0 3897.0
6227.0 3958.0
6235.0 3918.0
6243.0 3796.0
6253.0 3761.0
6258.0 3930.0
6265.0 3818.0
6268.0 3846.0
6285.0 3866.0
6288.0 3965.0
6291.0 3828.0
6296.0 3767.0
6306.0 3973.0
6322.0 3791.0
6326.0 3839.0
6327.0 3905.0
6333.0 3853.0
6334.0 3976.0
6335.0 3933.0
6340.0 3752.0
6344.0 3804.0
6352.0 3837.0
6355.0 3813.0
6369.0 3764.0
6370.0 3784.0
6376.0 3918.0
6377.0 3842.0
6384.0 3961.0
6400.0 3869.0
6411.0 3801.0
6412.0 3942.0
6427.0 3751.0
6437.0 3856.0
6438.0 3903.0
6446.0 3744.0
6462.0 3931.0
6469.0 3799.0
6477.0 3871.0
6483.0 3957.0
6490.0 3741.0
6496.0 3745.0
6508.0 3832.0
6510.0 3930.0
6511.0 3779.0
6542.0 3829.0
6550.0 3890.0
6551.0 3948.0
6561.0 3749.0
6572.0 3917.0
