3294.0 6654.0
3295.0 6737.0
3296.0 6512.0
3296.0 6602.0
3302.0 6572.0
3306.0 6706.0
3310.0 6490.0
3310.0 6622.0
3313.0 6600.0
3320.0 6859.0
3328.0 6735.0
3334.0 6638.0
3336.0 6662.0
3339.0 6756.0
3341.0 6820.0
3366.0 6501.0
3369.0 6698.0
3369.0 6835.0
3371.0 6489.0
3378.0 6531.0
3379.0 6809.0
3381.0 6556.0
3381.0 6740.0
3382.0 6654.0
3382.0 6707.0
3382.0 6860.0
3395.0 6795.0
3400.0 6586.0
3404.0 6633.0
3410.0 6776.0
3412.0 6509.0
3413.0 6691.0
3422.0 6535.0
3427.0 6853.0
3443.0 6643.0
3446.0 6601.0
3452.0 6766.0
3454.0 6704.0
3458.0 6514.0
3471.0 6541.0
3472.0 6772.0
3485.0 6621.0
3486.0 6710.0
3490.0 6750.0
3496.0 6650.0
3500.0 6756.0
3502.0 6488.0
3503.0 6588.0
3503.0 6845.0
3509.0 6699.0
