0.16367558471215884 -0.0775236886036645
0.05006123356962808 0.24444332440685865
0.5944050145779787 0.12017363030768013
-0.2366759073506943 0.13491915599525897
-0.14655772065242342 0.22596526771767006
-0.26786529967107364 -0.03827670991961298
-0.1405081142876968 -0.23314331338415958
0.17089127419291658 0.006826214025291802
0.0983220079272224 0.08087878930821575
-0.18142227123371452 -0.21480029726895658
-0.12024587671739613 -0.014000298000182577
-0.08052599088209861 0.21092594774459658
0.32000100022998396 -0.05246925354544092
0.08816468227706709 0.005989242122679888
-0.6489664019916264 0.025333269660454794
-0.3936891591335463 0.34340980502588087
0.14909712710479547 0.18260866682032462
0.0672338315282781 -0.02111479184895991
0.01610063078604029 0.2662782644173535
-0.001337529260471067 -0.225090194908839
-0.29341666282291873 0.07897369197319798
0.18036122487762674 0.18494427698273827
-0.279862550553295 0.011862658370615127
-0.08324551436477823 0.12697330075710872
-0.12074928748794966 0.4679894303856584
0.22140700761576101 -0.14036391692901248
0.13545778128141145 -0.6436924226380064
0.059843968626984836 -0.21264414142808283
-0.09305548259097186 0.00841317415282367
-0.35914077374732517 0.24860987063799103
0.5025701534039543 0.08017817837995356
0.058085060388544774 0.1378165036727811
0.3156045168431492 0.2586413949721202
-0.04762345381244499 -0.09763055734057727
0.05639746173934841 -0.289937874111922
0.20874805039411404 -0.1384711913510557
0.009903870648095845 0.10725780608106594
0.13882203550708122 -0.04829770045012205
0.18932509080780383 -0.17501134256705286
0.39057023487679055 -0.27786437963430183
0.46619975327276286 -0.030609475800343195
0.1784468967924318 -0.6737591667953028
0.08624144039935759 0.04320574661156996
-0.3735815856661071 -0.06153234383647356
0.11986878198575138 -0.13101029809714965
-0.8527711151375391 -0.24746230591892884
-0.11889571293916368 -0.03785198370857362
0.024438182732756327 0.12112163366791007
-0.7423742355876024 0.6533715168859009
-0.05174023044639824 0.2970252473424918
