0.3028248689194302 -0.2754736423409381
-0.2591915289257424 0.3714059059892442
0.1363725466088794 -0.4059866601972347
-0.16525734190591512 -0.02263925664097506
0.39424532949519436 -0.2112045367534762
0.24870431111122548 -0.1411339002516069
0.3870047186901438 0.19228287081421166
0.24198536478650465 -0.4060926593315111
-0.0036835271528096224 -0.06898749733313284
-0.0850282670462799 -0.06533709176038359
0.025376513690773556 -0.703248181335439
0.35994741898409255 -0.5564096999199643
0.2528336283673438 -0.4664721507206959
-0.07419078782128746 -0.09043235902517249
-0.09559039335172949 -0.32140925519082597
-0.09655759552371046 -0.17720556602346527
-0.1200763627333499 -0.3352421592274778
-0.28288719791125094 0.07197856102826299
0.0616032471380075 -0.035825370653147774
0.1554133951140322 0.014008950775296286
-0.9062827147312854 -0.007560929640180295
0.0805893888791578 -0.0035137686125762397
0.22290978529675748 0.1627755505646843
-0.08655724520016327 -0.3721561981338203
0.5215276917475066 0.05296751182423907
-0.02965693620931431 0.01297189384391295
0.039683831933366304 0.029151727467960294
0.8090727259043927 -0.03466706797567567
0.003219641621510306 -0.32165362527189567
-0.031319438474610634 0.0680422471077043
-0.029869752020892155 -0.09797577692249271
-0.13046875701155375 0.0417434566713952
-0.018078098925084867 -0.22425049345538306
-0.21833855520854095 -0.24857090529542286
0.3016654236970852 0.10101376621494843
-0.22706233538980755 -0.40489376799036275
0.10704830926572195 -0.20387580227094615
-0.046354841376045605 -0.5139502128851631
0.001894725455604458 0.11531134571370814
0.1436721098749373 0.08570969691751446
0.05006381204331374 0.4848926687980705
0.08280409637731773 0.22570725195130806
0.002647608288604318 0.22110088895162083
-0.2030737644736702 -0.6401712603740184
0.1190291209648534 0.7192208085180728
-0.4317626181886242 -0.18774902397112078
-0.11619913131713056 0.184353253840363
-0.3653089628083614 0.13545858371183525
-0.0062562121202858825 -0.08793499260685703
0.007218494013966386 0.14142329146906818
