-0.04734998303121922 0.29500756462580413
-0.11330675382019417 -0.05385250108587728
-0.5435122864594212 -0.029326215676822837
0.11771709003722144 0.061680970445826634
0.09123132232566006 -0.1444516899922935
-0.3924257236346458 -0.06990339938515246
0.23724730620794288 -0.2555516995076995
-0.03095277998899882 0.434902697552708
-0.13777496183173218 0.03265553442698169
0.2065521679662804 0.1678325361134304
0.00898107765991475 0.15640514755476473
-0.09092403675372071 -0.48408694066675556
0.020624714011092334 -0.08401418969665668
0.15614264903956304 -0.04384096419523488
-0.5801924772949673 -0.12135061044076156
-0.17360925566389293 -0.03479019505774688
-0.30270650070727556 0.21451442442931962
-0.14945370618852827 -0.0419745723010772
0.015023439707835349 -0.8129569085007472
0.0319206705322178 -0.05541026285091314
-0.16812316163107388 -0.10220782160537599
-0.49809987533464545 -0.2500672656703237
-0.07927264906794346 0.0678698483454264
-0.11213300911821969 -0.042907532765275314
-0.0285683617511063 -0.40410756011863475
0.0007730559291401889 0.1819007521573403
0.18763627872916577 -0.020221038146548086
0.07554713880063452 0.04555630392716157
0.06478829734501557 -0.01711708520160405
-0.002536981799808282 0.1029885846766818
-0.4704453437459357 0.06995616105552714
-0.1008417093945073 -0.20749952506791494
-0.8190469256327513 0.1984998485981641
-0.3501830182109814 0.03188814506519097
0.15098947869056642 0.03229640444939902
0.05303155721699744 -0.3812331288066498
-0.1760450719353585 0.026715186014936054
0.031843097666007396 -0.04756669159696403
0.2215060244376691 0.4748635462940938
-0.5122172575896163 0.07966020541537708
-0.01482290163228581 -0.19068046527688765
-0.5088278442526349 0.08592670023335698
-0.3094928320917939 -0.07284118873440745
-0.09522392064774603 0.033864248051910927
-0.09862636679845949 0.2836556646924499
-0.09642688288775521 0.1546212269498819
0.20089123271833081 0.008497841561493628
-0.21884942091599524 0.015609807087207979
0.3269700707179881 -0.17360172244321936
-0.15851536098677374 -0.08904574746054122
