0.23108885474714225 -0.07482540665716102
0.2757284669798847 0.030123686687043672
0.4297399097987101 -0.13958598635159503
0.10075964988518736 -0.06375935514753614
0.10649550975860625 -0.03569339525923777
0.32920855119033327 0.01702939762000816
-0.002689039249922205 -0.04107092974663503
0.33981990297321824 0.020216503069786552
-0.130577917405945 0.3872221578519875
-0.6559483488840555 0.27611818976111707
0.40041728614743594 0.16312944089362535
0.15065761543485012 -0.11463158751243732
0.016576579618066356 -0.0017796718840985223
-0.20131832662510438 -0.11945870573775051
0.1978410946547758 -0.11729292731408976
-0.029665678284233513 -0.2523470377124518
0.08891999590444598 -0.008235364715287777
0.07446174357063552 0.02232632400730464
0.029315369900862677 -0.038243128636251976
-0.022959881569909465 0.25975062995722215
0.5008177740039106 0.03875951442679393
0.18810126691591542 -0.05010876059806818
-0.15829677264558883 -0.025713445667610624
-0.25410225288240973 0.2818728959176406
0.03873012171362393 0.6771969777596691
-0.5009084155592358 0.21513746479414625
0.1394907325166222 -0.06196524856407465
-0.3737612126590232 0.01579051145193301
0.8083308310216085 0.054406059036062715
-0.24275489825654267 -0.03869217630530483
0.07478860431457611 -0.11419577621350581
-0.09716990540198359 0.21605654868032104
0.17850741794192615 -0.10819085771216548
-0.07954457517125896 0.30995457820111927
-0.018748444078336996 -0.038090055513679666
-0.021694877216208976 0.015218847808654973
0.032838064128613745 -0.1813815369300543
-0.09268548781589164 -0.1412463298607011
0.04261299620502654 -0.019959022471197466
-0.35213450412803576 0.02403232384382981
-0.4768484656993202 -0.05450934838451499
0.028791194679832616 0.05091321799222176
-0.1607470955371717 -0.2315568626979562
0.510586736988083 -0.19652690679713278
-0.031913610730705554 0.010511945221355491
-0.11641714322377528 0.3138795196919729
0.1928646043148854 -0.03263839938308718
-0.15944977993138607 0.017463434986887093
0.040531681932763824 0.001020079958159772
-0.039034954798976555 -0.14276160390970685
