-0.026491160143927918 0.04600140887067536
0.6063301437219496 0.24993433284693356
0.09469142087745569 -0.05845254567192627
-0.3116234126216664 -0.09111119344286968
0.04188147240238399 -0.5093464649402637
-0.05385401813253378 0.5627991770736837
0.42414203370602616 0.2558743524382974
0.03623210157262881 -0.030230780176007412
-0.6283284294613614 0.16333836660666842
0.05414556129596292 0.10139861601687566
-0.7444774304224288 -0.04103424563594718
-0.08168142890572262 0.16505744361864647
-0.0897555584515833 0.05702393459733738
-0.02310820856881095 -0.9425832521340484
-0.13797591402889375 -0.24072242750981868
0.3137347642581016 0.09250450870927289
0.21575812658409346 0.04840564154796425
-0.12412937549133905 -0.12885154069827434
-0.10252388877131142 -0.07865400804551331
-0.0729213496930081 0.07769786578614207
-0.1726176971587331 -0.45597515363403684
0.49899358072046696 0.22453289180597857
0.07875144142978031 0.03179370595899565
-0.0410063543516066 -0.23030491062573166
-0.055569040800865444 0.44024530762289144
0.012407964300078912 -0.19043952299893485
0.6970416588275818 -0.10011931818827549
0.0734447022203089 0.28256141293933495
-0.10055329749891129 -0.6107252308473747
-0.16721058609421122 0.3367317891259005
0.04607199081157982 0.5287575057368618
-0.1449538681621559 0.13712259945482197
-0.027734877647393904 -0.06090068320669171
-0.012403278864304083 -0.35221964326342625
0.05115854877446309 -0.12953744751714222
0.0205729563848453 0.16195884607440736
0.04476217008646572 -0.00431470992971764
-0.11954783265902075 -0.07007589418145792
-0.030881451727467837 0.33956877148448433
0.02886569290242943 -0.24749762302214046
-0.019522306125611222 -0.00024833477500358606
-0.6059829721420147 -0.32852327082197585
-0.17356474250685064 0.041675892023931196
-0.07617817911019899 0.005671618982732531
-0.1434404620535146 -0.28791735111937533
-0.08301296720154522 -0.23568461740211033
0.33040262934179987 0.3623890628808836
-0.2539193080504396 0.0067474897443301225
-0.0724470323150031 0.09078291500788804
-0.06389461292504865 -0.1274076091985056
