-0.28717026858374023 -0.20102012053076157
-0.08467862872060755 -0.0870252182153397
0.1578959246548381 -0.02281222925596884
0.06876998668164878 -0.07961983032286306
0.0591215343847747 -0.02309409967366681
-0.2019873047854159 -0.04772314958402806
-0.09046824658552172 -0.028431970631087218
0.15198330884549768 0.14217177504615836
0.1822003459272768 0.3665490215754654
-0.35479615850411994 -0.6415540123276702
0.05107477205088269 0.15409221866962852
0.47056496016350957 0.12747670196660704
0.11820067893375528 -0.021548537342139566
-0.7894287083140548 0.3410024692978284
0.16711624752707505 0.14340351451261396
0.40449830038563744 -0.3842442707757444
-0.08681608668588078 0.30676052124137576
-0.1256356389572369 0.30415941842477534
0.04292291412104104 0.1871192550481059
-0.01744657066189725 -0.0878764999931551
0.37315471220282315 -0.14433048238778773
-0.24898204214204278 -0.018266631048428326
-0.3562497335064966 0.17308289803575258
-0.14429336691770492 -5.695473671413778e-06
-0.04186916396214039 0.08869820662879856
-0.17607367149903144 -0.2952254630113144
0.4445472661915463 -0.04238715485222895
-0.1643948733169599 0.5440633646438874
0.10433761061690705 -0.15218191295886613
-0.044650512051526044 -0.1750725779125904
-0.06467627394579906 0.5675070202268394
-0.10154140546587259 0.3457827154843238
0.28313273545909706 0.11888786561066811
0.054283940290786405 0.3033588990244003
0.2942405348810259 0.26321551534088167
-0.21766606876818734 0.07245912397920919
-0.020232969998633592 -0.8912351423715258
-0.055988841562753834 0.057715785631086314
-0.1533560222568804 -0.06251798836682171
0.038913346649273484 0.041800093017836965
0.17244795372613095 0.0205573167139909
0.17630933864147738 -0.33616199810956987
0.10730536174023297 0.1714666201674287
-0.2777595587439286 -0.03541067072221621
-0.18766499565489125 -0.07738055567679093
-0.02391132676873403 0.09269346030680434
-0.0795953483062003 0.05544275433933438
-0.47158801563143415 -0.4920413429934555
0.004367700145530419 0.24359224231946086
-0.1734760051020163 -0.33198991242621223
