0.23365266733770162 -0.5526136011304317
0.24524085698935202 0.0689373992085469
-0.09023015342643546 -0.2868208799369735
0.4344835209932744 0.1748129500780026
0.34307133970887277 -0.3478592435149923
0.06505461676544033 0.07583017220984223
0.00442165524957244 -0.05187980592363916
-0.10057173092028796 0.07330232233947213
-0.17157066666043677 0.20690198877404098
-0.2019191127725633 0.7685051999486994
0.2226680272628686 -0.05762921078342103
-0.1830293599410054 -0.34521395686730094
0.02608305782016142 -0.010988696132178725
-0.6897508508084461 -0.02622791134466281
0.07807029137683735 0.09996458836295823
0.36708400415724163 0.02370032364575464
-0.15595179754208022 0.09601761318143971
-0.08483430973217916 0.16834960727050452
-0.1021119873386802 -0.28420536680236586
-0.031514661713381124 0.31446109182749404
0.05374232713136373 0.07257155776563497
0.04140820032665232 0.032560092622740885
-0.06465486646507411 -0.1141025087785091
0.28788938515419166 0.08581182646279306
-0.2265877805091413 -0.17283325830720594
0.24905526849453366 -0.010294098473149108
-0.19678584525916826 -0.03918950307036871
-0.23449977070473588 0.17074415199973347
-0.1215188254492154 0.06770408849526009
0.15334220129499831 -0.042377650050223516
0.29312777125403106 0.01690187736413028
-0.006464002480907266 -0.24459487904331345
0.49446581387729965 0.5753293324053151
-0.254288513407414 0.12178663079339441
0.04101645372410525 0.03549653660944384
0.08181063817255652 0.08892121790080183
-0.2730155138825993 0.23932484116756958
-0.09938992292636709 0.2289975268241709
-0.18616000208696748 0.07808078163996167
0.04754458514868245 -0.46391071167334047
-0.046885917084781986 -0.062444125758532344
-0.7955671072604659 -0.4190217833177761
-0.022356479181894165 0.09882767775405006
-0.15195949678287102 -0.10531824902003528
0.19163347800177932 -0.6085164766948741
-0.1603372078146008 -0.09242630854469946
0.014674232482423194 0.058077676914809376
-0.13097774156994774 -0.06680009194502884
-0.3709273374557523 0.043834063545668794
0.4150480029657427 -0.21971480439973645
