-0.12843685040491287 -0.5252171286493504
0.3917657825410367 -0.26005795044017166
-0.06244644567380328 -0.538019084952174
0.1533824959372647 0.05501519792137003
0.0029545846090402138 0.1863364715466782
0.19817612626903375 0.10051650556927297
0.13872613454351362 -0.032171129232796525
-0.3025062333241311 -0.030001786904925467
0.20339061396308172 -0.14660533659401692
0.43538307338364945 -0.38629277824921604
-0.6000212802491341 0.07664452214422728
0.04878286505718402 -0.027088790879794628
0.3434534931293789 0.4330181535684798
-0.03691020857045744 0.13588322721693563
0.33105167897683474 0.2930677290064312
0.0338612472452344 -0.08642075767673502
-0.1354541169838743 -0.22720000451715383
0.5533646204603716 0.12682570944875626
0.4922595968908671 0.28016408528173686
-0.26776066253909975 -0.3636188526342804
0.4114439035071515 -0.3484033029532775
0.11071742979522964 -0.05225528088921977
0.0016538597160287883 -0.0649057132390372
0.28258514547892505 0.19319965700454095
0.004822880679261402 -0.22104606366447832
0.012745623403517023 -0.012964922199849349
0.5455441081075408 0.03650413653762962
-0.22527929675031602 -0.28240909882931214
0.6289219368269063 0.2407367830277478
0.14184497238554158 -0.10346836995991954
0.08525819534245835 0.033631240674886424
-0.1325285714884951 -0.28315469622619804
0.2955909700735364 0.09571977448562173
0.1400351960009294 0.1274848670565372
-0.025873039995356853 -0.11102254977418083
0.012355945505851604 0.017836858718539853
0.03514929718877967 -0.08860232088559367
0.11806712756936022 0.04802850726785073
0.2846206058316187 -0.12690297921768992
-0.04011776964779032 0.06140592137883769
0.113210786437483 -0.15750892596513705
-0.27101495537442244 0.16375418308362163
-0.03523445495157814 0.1611417949885402
0.4645216615032194 -0.42451175193475876
0.007898150617404398 -0.07305583685436363
-0.18878347845710333 -0.05484125904720752
0.33708630467976586 0.010931959123173615
0.030793426997415354 -0.15509113422584275
0.1485390240135895 0.1400054976242236
0.15920446250122858 0.2262160343649638
