0.020728464768271546 -0.20257285046370238
0.12594984900710235 0.14863901144506203
-0.024836300187064557 0.19050334910214783
-0.06382764865368229 0.01913738227785089
0.15017650648528658 0.24540281516147397
-0.7227861538889254 0.007551662875551833
-0.1437998157598071 -0.1422535839205214
-0.17479998945703482 0.010640058846749505
0.190540780056762 -0.09944143710157605
-0.028089080364536646 0.018394085816163735
0.5528101947018877 0.11958193305459207
0.030444284314841353 0.20505942408854763
-0.01489576300621489 -0.2507252323223844
-0.32845630289666816 0.17158069579476545
0.02469493874664683 -0.1290278875040197
0.2391713377574245 0.27996241903913915
-0.08399342563496191 -0.06795238770706875
0.1868607042756021 0.15731924583611173
0.14624234144320492 0.6687307915190424
-0.03684619020114378 -0.660279011106144
0.2377648675469185 -0.2317769528683131
0.14243286773827998 -0.09584889621391601
0.24311194457241492 0.01007416402774766
-0.005775084828954901 -0.03158216773801009
0.29572663206962907 -0.0978035369813177
0.16813105769854458 0.25995915081338317
0.04251095105252836 0.49561710659387226
-0.5038948247048345 -0.5417898220477413
-0.11350007869336375 0.09386558822827543
-0.03243523590289623 -0.0413710946580618
0.01704873864564243 -0.21706106568308994
0.021886008428279972 -0.052280830072680695
-0.23668960944844575 0.1138390455683306
0.3086780432944873 -0.0138631938926813
-0.032652641921286724 0.0005573512337482767
0.03252506348018251 0.16895991713421685
-0.04102991727392029 0.025714028333283075
0.08761364730678319 0.6657207188423313
0.010785057379054379 0.2416446198935973
0.10013958896619829 0.06248868713835179
0.15346490416974803 -0.13047358542500476
-0.22417674783610125 0.7708193841262039
-0.10068306658752334 0.19774153173799966
-0.4267632287110106 0.012474861525039202
-0.3524239539262619 -0.7135434407184579
0.010943810593070084 -0.4443176232546205
-0.04859894517005783 -0.5034518709400433
0.11029282258662997 -0.027624547808094216
-0.2095948642908344 -0.03957611578237889
-0.6745756583736353 -0.2304717888776897
