0.49133297005502075 0.00558489000462005
-0.2509987539103104 -0.2537358747776894
-0.14058782199185502 -0.007617965977998506
0.06632969062928318 0.07481479265186318
-0.10165829763915402 -0.6816537809701696
-0.30822994526677777 0.06327031760760093
-0.026660418221383177 0.39989599546858756
0.11248771013268427 -0.30669574086147405
-0.35201822871331717 0.21925322691008287
0.08545759315311773 0.0408587078047968
0.1621460983925994 -0.11834303899775822
0.26112891288416634 -0.23935653746056815
-0.15353055235567697 -0.06846523633821426
-0.036310079699318966 0.03600957828420032
0.011811846312778283 -0.19587608537612206
-0.19951780493430252 0.15768851398936756
0.3681422135678371 -0.05773963132683849
-0.1040586839205649 -0.23044881334323578
-0.0034758538757791273 -0.06914827420901647
0.008377613965651431 0.0010109082562675751
0.0625384491539145 -0.4392620653811635
0.12807002136142 0.22023258657836117
0.2779797470895221 -0.03464413549437297
0.3591687812686928 -0.37462683817841186
0.032414662103799854 -0.22453406207009188
-0.2993864545177119 0.11970266557053827
0.23878223608118795 -0.30817357558381225
0.014637070329634808 0.010150843677292522
0.014736366630198117 0.26360983847315245
-0.12572470721305448 0.022725108665509156
-0.30164152463708027 -0.3551503591551064
-0.16148428866422226 -0.6621698721275001
-0.1558895004104402 0.02584884961030405
-0.043100736416303936 -0.0895623552750655
-0.0406044144373715 -0.11629555488950005
-0.13711524601571415 -0.04547733836302619
0.35793936465131615 0.48526418859076204
-0.13416988827156726 -0.0016526388187688133
-0.17184568670440956 -0.05963482123660451
-0.24325334477448635 -0.3904589185944636
-0.2913331267489031 -0.10795774050782231
0.08718626754658093 0.10094063778942851
0.07038169635992136 0.10702489380979939
-0.07295238002441942 -0.41268657922305735
-0.17641348414988045 -0.14429457305670937
-0.12358497516644609 -0.05465928952061763
-0.06315794754555765 0.316336530958407
-0.32032894126159905 0.20836466340796092
-0.3457635268414243 0.05927840833750347
0.028187245856682277 -0.01925956067294288
