-0.1682602082256224 0.10529412893136095
0.1371585414335991 0.06845934696021318
0.149100672271319 0.24322636424876523
0.035262002694121754 -0.043350215434689594
0.09274996860295631 -0.18736051283589444
-0.11688642457631081 0.5280946188792389
0.02604590292725097 0.5996529446764984
0.21836905796420966 -0.04932014473429351
-0.28653783013423545 -0.012320007157523696
-0.5781794252761272 -0.12409905980729821
0.035894196151029886 -0.2569882855179789
0.0006681693557083374 -0.0227926827837663
-0.8178207409085229 0.4721796344625009
0.6612048276784154 -0.1262052293610295
0.48759821664851855 -0.6334438821592037
0.4123076539856057 0.01780541571758566
-0.36689539349208145 -0.05986480575135246
-0.08991469679264427 -0.007562507935539391
0.07964826515350759 0.06964492815270842
0.03230953152498064 -0.11089717138561186
0.5345816875068924 -0.17659704232568552
0.021743652034982384 -0.0401620841765818
-0.026566864728817044 -0.21240995879010877
-0.19564678091097096 -0.20535702120443902
-0.06252088975010375 0.3054248274280645
-0.17599371041980627 -0.2414980329645606
0.25165258233704124 0.11341172971874079
-0.5671823174585712 0.17449756095016852
0.00359085482408104 -0.007037791084799363
0.09531664636164038 -0.3621273443332805
-0.15877952850647456 0.10333930765406174
0.2852677114993656 0.14252963641519184
0.2790021395724029 -0.13593483535654285
-0.2801759000994413 0.04235530554617581
0.4483952617538279 0.13314593149133444
-0.3505560928850059 0.4429815432261559
0.09040342308057413 0.06742804749917354
-0.2644354087610098 0.34011181871907015
0.13394164254382349 -0.022907987972827646
0.03800972291917939 0.15314020988611404
0.01622170187162676 -0.03019038516936617
0.025857588853957704 -0.01669392746723913
-0.5607966991460932 -0.09781903067643823
0.013289678906986511 0.1435035807817868
-0.36993980507619856 -0.198731298109992
0.012067816862692912 0.02544970397853323
-0.11529603398469224 0.17307569258252548
0.15749002486917787 0.13452865047940565
-0.05288115525212324 0.4540250650114273
0.003942684304616575 0.0065869424782247655
