-0.18151496316241736 -0.6566802115513615
0.5506181693572664 0.056382806089844306
0.23580852751921266 -0.1267937106539735
-0.015854381342139595 0.2510138920444714
-0.5807431129854707 -0.06737656396901139
0.0024084398449403456 0.2599510978377251
-0.026770952563825175 -0.2668682061418856
0.018181432787340763 -0.8730798458820846
-0.19736353724384897 -0.03565134533292815
0.183213585322787 -0.12902263952228726
-0.048162480010836575 0.2101153174180647
-0.10585415103126515 -0.6023401582060203
0.19300634706810962 0.02789928887809319
-0.10063158248977433 0.20717697674086893
0.4933781074585585 -0.0548347487770295
-0.19090389620312953 -0.03010330848885602
-0.07258933556001408 0.13500917037965693
-0.33369862987375026 0.9191467482041489
-0.22682861518190012 -0.12742781062546302
-0.022216456644619253 -0.08977402162649445
-0.01320410556427617 -0.32358467204214103
-0.04033602163429716 -0.22157511160212315
0.2738891806066771 0.17600657183953924
-0.01204520941091628 0.06935899532863972
0.4110858374041129 -0.5796809993022408
0.03073893668255819 -0.16875746654556856
0.13666188216225655 -0.004077195853395986
0.1468021002448338 -0.05295036638969752
-0.3555033006570578 -0.08254922034489222
0.055755802929788136 0.3707625745140748
-0.3830776859995108 0.268900491068203
-0.04885157379881815 -0.4731371906050004
0.07719979586234066 -0.35656620435652386
0.038528385452144064 -0.00715981799320492
-0.35082606570138714 -0.21041783603585806
-0.2132392801830008 -0.1800157206543128
0.08509584614385392 -0.09567129943600565
-0.102000193271164 -0.107428344050423
0.3385760224802249 -0.8548644706242327
-0.37409640090722407 0.13694869839449106
-0.12886949908764952 0.22367391621003807
-0.11359568386251467 0.1679195401048458
-0.17360622942643478 -0.528011380370829
-0.0715383485471374 -0.33315997623657356
0.5845740945202612 -0.5717417511864452
-0.12822555799008875 0.033441582468629334
-0.025906172730907364 0.29459068231051305
-0.16029628576488625 0.14736089822370627
-0.5649154654785419 0.007483802313279413
-0.1651565575238204 0.3081682432343769
