-0.35558627415664157 0.24679549686865143
-0.3447360493710669 0.3007113833503149
0.2985193469595248 0.27104410599813095
0.1513781653788101 0.013574843520682812
0.46912758444660396 0.1289220331766224
0.2692782258950632 -0.3131468527877215
-0.2318193401697485 -0.3047357852508847
-0.06346797053039013 -0.600361815126148
-0.04798241403185693 0.09412123943214912
-0.18456054340093356 -0.040524491579024234
0.08782790461575377 -0.22880781350906176
-0.12017600169294598 0.3638812250935238
-0.739143350705777 -0.013735706722966659
0.26823071005248084 -0.009307646579416691
-0.47272820980859315 0.1792791584079329
-0.08489568857420991 -0.08673396353861498
-0.11529070432399527 0.31867754073596366
0.04982872842247146 0.20625367544937911
-0.04654891854833578 0.0739206759997874
-0.10753390270050373 0.11450946106023543
-0.30384877667622445 -0.365448901344511
-0.14327484402937032 -0.07186504977130521
0.05104450156362011 0.12156508281621362
-0.043495895459507675 0.5787669527085364
0.371116756750021 0.3601017468104348
-0.05003204463713632 0.1271638022852234
0.16316181079130285 0.3169647502252293
0.0020015912136179506 0.3256233422749706
-0.41662565321627265 -0.022257822108950845
-0.42276234956141434 0.011736861796384198
-0.26525681026315223 0.006670430484949508
-0.06488829101235603 0.08213358003973265
-0.09561768654742885 0.3617901223003958
-0.08554316145811133 0.2598126307371928
-0.2055245146775243 0.13441040581678507
-0.273913307380532 -0.5812683495492078
-0.4180812143418994 -0.6244978373151396
-0.19587614208466853 0.08121805059143343
-0.020571226486865834 0.029296679152802763
-0.014770191485361649 0.022059134223125807
-0.08155414577939299 -0.18657122541553925
0.012893590440481405 -0.0733338564488755
-0.033620094275301236 0.0008331031022484838
0.02066492858233862 0.04325116007429672
0.038294780662950036 0.3843241922285466
0.27596985603756546 0.01999053080759424
0.031929237247921544 0.07664920647999846
-0.38163466125895207 -0.03877262713785587
0.07424578142865988 0.13154009303488737
0.40586259034148214 0.014101972450324336
