0.07396985322962892 0.1396661681471713
-0.25969024080302544 0.005685044791160266
-0.14842370019786594 0.11255201805003168
0.43192174355804935 0.07135416274329556
0.05470282189635535 -0.022847166715954163
-0.12652080744343341 0.047446851948620965
0.20398992648689795 -0.2569682557476258
-0.011378494214869889 -0.11661838865082699
0.08904765206559938 0.11308423629648166
-0.29061722674496854 -0.09813772592890882
-0.16772331622945202 -0.06397456114036618
0.2709254324663863 0.16539171312999776
-0.05158988191692631 -0.07503076175772519
-0.7403096910985343 0.18732367169438688
0.10554245721856446 0.10718135973264142
-0.05683781142767025 -0.28446662795237393
0.11287972988856257 0.002282005478308107
-0.03681095911772975 -0.11917683341252919
0.583884877891393 0.026642108172170678
0.0934469171480782 0.013620658317897341
-0.05286940725378284 0.17613752269700492
-0.1704555913427801 -0.02671224394698875
-0.058886349440786835 -0.19378922284542582
-0.011308405475798915 0.057096705320989385
-0.0032344323348937314 0.1409417393086799
-0.562804189344018 -0.358436408376029
0.17012339949535474 -0.014540155962322618
-0.34016815661552613 0.0003502490762903006
0.3098374174240351 0.12133966626594628
0.5539609322786692 -0.013137936581000285
-0.2368484672097647 -0.4958940517263109
-0.18468506438730486 0.026533515851860152
-0.018019118717403554 0.1377752390732255
0.17827347876663807 0.279740067869038
0.001884168980996111 0.08575322695975411
0.09484069463243888 -0.003025635335547887
-0.06316302751312056 -0.07729641529158085
-0.038307287308143353 -0.21798226089973874
-0.16916011295090616 -0.40960481719728287
-0.4277498771379235 -0.6207710004947529
-0.8483069426753362 -0.18638056520141244
0.10116281545517013 0.27480070873415297
-0.02893040561897005 0.028657019838965847
0.3798826425236186 -0.14034826749318566
0.2876358087862574 0.10776030293613817
0.010231488880939513 0.2965024230176341
-0.23009165784603472 0.10064419247461852
0.14621254029150418 0.16004833613784106
0.0670890818408391 -0.4387894214887338
-0.04995480331132181 0.00861336828282742
