0.10796375098904763 -0.004084237214307324
0.08072159828204638 0.020526786311190558
0.22329414167775094 0.07719149588499531
0.03510103303475089 -0.3102712571071521
0.3465688181338123 0.01716426382787352
0.04331287658391913 -0.5601608010200808
0.004444979124874125 -0.12642957632018967
0.25717227955951605 0.3015361016353741
0.12779088714108586 -0.012726244878588222
-0.07803658432386906 -0.37752257596830235
-0.24020453814289844 0.20711934291016054
0.5580794273933638 0.37595738918013955
0.07869769043397346 0.004930674198454128
-0.030557323235063286 0.071652693305796
-0.14419547058686982 -0.22079164509147486
-0.024327827792688963 -0.03958536780629383
-0.08857871212471766 0.3484630618969423
0.2567997815335194 0.03544190055035435
0.1394538551922889 -0.056687489312128816
-0.08679317378730135 0.3793154077039065
-0.004722325328979232 -0.12174629640774048
0.09240569293855577 0.24089306973708402
0.03489762312522274 -0.1115705214965769
-0.2551212406807644 -0.08362527195456743
0.26150435009996265 0.4288146540867477
0.4634817959409449 -0.42987165444447206
-0.39956522214091905 0.29108805661140313
0.2155345193264601 0.06205992702256875
-0.2992608380219277 -0.2811116704343951
0.30521052096860085 0.1094696801846282
-0.08356612734980777 -0.20307887207000488
-0.16553936393526747 -0.5865779218202356
0.5977367960303791 -0.006995169911555726
-0.4000981106977648 0.11087109806969363
-0.2656103714093006 0.08895387770868196
0.15636236563896075 0.05391523043487445
-0.30185363666284937 0.14153608863575926
-0.5534998631086641 -0.0734061676418382
0.2163199090515475 -0.15469139354450812
0.19865879661164612 0.4122414724815814
-0.4275908014945069 0.20199364346132637
0.39413972459929913 0.25611142619984395
-0.09307511128646442 -0.3079122304074666
0.04314787182094917 0.20425451149704021
-0.39767037092069085 0.27630111811135055
0.08632910077752569 -0.1970712424034584
0.21892010726564842 -0.45831877216666045
0.1252415711589407 0.3252632001218927
0.21561271788730166 0.15061082763048683
-0.09589777316093717 -0.17468143569340708
