-0.03599213315253602 0.03991742729506715
-0.22113030892343266 -0.34194769742673053
-0.3017958890761245 0.14389489755308862
0.2553130399946012 0.20876869048821423
-0.1476256662586931 0.055446590394304024
-0.590104432265186 0.02020297951997013
-0.3375615768974355 -0.18019411680422406
-0.013203643564897408 -0.18774631125048058
0.05827077223342001 -0.25410114979535836
-0.20309411710734696 0.12392592279086667
0.6381928889210245 0.07098156125535938
0.18731794074212976 0.41546631392279026
0.002216847849065137 0.03629234601918049
-0.02519220405629042 -0.13173464183096503
0.3854955079685873 -0.12849066892608627
-0.07877908850611504 0.6200410417019678
-0.17035459915468756 0.44909779872002925
-0.1983510171299111 0.2389268307740059
-0.0015380189767574817 -0.14640516206013446
-0.1859954881627879 -0.03571014725203812
0.057107717884205725 -0.059584363131949196
-0.8097631780416032 -0.07646669932760623
0.019334279440303647 0.30092669645485565
0.21183831291233224 0.4119232133486823
0.058521840374700346 -0.12323589370710551
0.0931687803411693 -0.2034948318994342
-0.12485752628254838 -0.4873930443407334
0.06889664283732236 -0.16483205772719733
0.04228144373703887 0.3065724735645998
0.1523387994384129 0.02470217427815831
-0.2550250509256446 -0.14218315598519216
-0.11735504710799785 0.2722833786061097
0.0222882454346656 0.2320770339772151
-0.1458338723034477 0.024524479437306956
-0.25994720362530427 -0.23514713334711834
0.6290729985396313 0.5876716556618538
0.05547790578650968 -0.10131402671703547
0.3955365850406518 0.26527860045155965
-0.028149795006488523 -0.15388012411198004
-0.23917243622802095 0.1809879026747494
0.0270504616857714 0.058783515483149154
-0.08465258994804638 0.2459057576204634
-0.23669672905965966 0.1756529640722443
-0.03156211111444699 0.09295979273673971
-0.6544748303862182 -0.07361129633730172
-0.08694118635423093 -0.1945862563986599
0.21575382683107458 -0.05218098061701548
0.46727513426582556 0.03599674177890747
0.3295604456903427 0.06635346435459201
-0.006617615191929713 -0.026615093858983203
