0.14865902682818763 -0.4095211086563584
-0.07612515530222576 0.8504102225679081
-0.5927915489315925 -0.011583017184539385
-0.15977357677800877 -0.4597392685283464
0.11872838478656611 0.19834162932141103
0.4470137278618129 -0.23462146307825718
0.16057470651263472 0.011132686370287375
0.11532844087149591 -0.01535661860253517
-0.04237525266246969 -0.05403855660937205
-0.6513079079484906 -0.1531094009685976
-0.015906136824328086 -0.22312383439924888
-0.09054926055006399 -0.18337289071504054
0.26335256478943714 0.03257424969564809
0.06523292189758517 0.0004062910500105089
-0.07012033149793531 -0.1032157320394565
0.08950777305423485 0.1328823821084362
0.06022275266522673 -0.013435575277367898
-0.012885709863827616 -0.21934409419286227
-0.15260449834672107 0.02496826512898362
-0.2686906816219443 -0.29231098901014446
0.39529032072398884 -0.30442994812703345
0.0438407681462556 0.7389225018380308
0.052606134044574177 0.7627210297956991
0.05815103827637395 -0.5829410124198277
-0.09690554139926329 0.04816964906854916
-0.25015698138291986 -0.6305428609065801
0.29788252506276514 -0.12281598992753893
0.029051438689349625 0.04619496292180359
-0.1112330025372788 -0.012306094211080563
-0.07179622874951562 -0.19527333839469807
-0.171345825326696 -0.26926240860326917
-0.09518975176171302 0.5267614902687808
0.020709657017302256 -0.07209376121615384
-0.8385036395964548 -0.11871555851600735
0.19029609859356525 0.25092692787973037
-0.48897895685291487 0.07726120212083158
-0.031956090116447615 -0.030175510389194745
0.012888431569476914 0.3444177706871939
-0.19749587443960204 -0.09246626812201503
-0.24204740758502857 0.06146546375062043
-0.05010879171957999 0.5264670500502618
-0.24258115922145237 -0.09278242602759365
0.45426604686309596 0.26558887585843993
-0.0690116197486494 0.5644867600579779
-0.610827460087628 -0.057956131933755796
-0.08566619111819848 0.13164940765962935
0.586588192163135 0.14647119585191326
-0.033338722145667486 0.24231005261572736
0.26200193189404053 0.05764255819254527
0.20629811322567898 -0.562408698005699
