0.12495067147780653 0.10760427634150838
-0.2873628332263806 -0.15249781297084955
0.40801111046156624 0.028747201564907267
-0.3064410895417564 0.10333041428787144
0.09305283608869802 -0.3591324014321928
-0.5915521346650403 -0.11805016890597107
0.8481317036318432 -0.005800048970410834
0.12294197247396321 0.010412663276702847
-0.018756286593505686 -0.08146556632933116
-0.3028368077340836 0.18569525075750992
0.0471534896314074 -0.45409021644623526
-0.04173595921978002 0.09105023657383843
0.10440289909955125 0.13358207468541852
-0.3082020855977628 -0.21874877555291367
0.10624358411060196 0.12068710322423543
0.045584090753627064 0.6825104864081866
-0.1771617530191272 0.15439073117631344
0.4433835003873896 -0.0625967229842548
0.01230889295579598 -0.12569193549259425
0.13668946189586706 0.018465067081168723
0.02604516552356616 -0.019985253693072132
-0.8285356291708967 0.21871733923365394
0.2413810673045494 0.24321919327932884
0.12055568915738646 -0.031192239756928537
-0.04363544703138805 0.07070347502694178
-0.09175070868575716 -0.0820362692434818
-0.3817120680972439 -0.41073439068888357
-0.06900620839276349 0.4000610317952402
-0.2079182389358698 0.36193256170222604
0.15827885990511653 0.4990737590837748
0.6556756030562786 -0.06994555020849541
-0.1540604180559203 0.1274947899453482
0.18414148980659883 -0.5496601446025169
0.42874331692819356 -0.06790887648947962
-0.5245534911048773 0.3271285341812939
0.3759078613678464 -0.1522811387610158
0.047165777884375835 -0.17800101650672326
0.02341338498882822 0.06131836899964899
-0.002518848545506172 -0.12146746467793623
-0.007655556976307225 0.10264326962475856
0.07816039839568857 0.2211448514495983
-0.000443388067409817 0.20751365519880133
-0.02764215507601661 0.0251825240579689
0.11649438295535322 -0.02613129667999208
0.010034174054047778 0.17521113852797898
0.4834027732578193 0.1870571757306554
0.002680159697562209 -0.19370955157306444
0.37798901126150874 0.03870732650954106
0.18788678822969143 -0.009940030774720426
0.05319985897034918 -0.19655523343159031
