-0.1079610105083641 -0.01729814121458946
0.14278869984989082 0.04037641412918443
0.04840322255016983 0.131330284061145
-0.0036458975252752317 0.0038950002569453795
-0.6520799650050113 -0.26069754274820633
0.1311542118686286 0.10345112947030698
-0.4698259654301675 0.11943416177325544
0.4630537040614174 0.10540814744408922
-0.4881091197884595 -0.3157152981207911
0.10687229609298127 -0.37062677095746727
-0.029527738264337345 -0.03294637893510727
0.009062798858242495 0.036603984718627136
0.11805615112181032 -0.0046024935160267275
-0.4577441883145154 -0.09700404981978994
0.07918897731259313 0.031044412323733152
-0.13789474668226734 -0.09046921097818285
-0.023520912782855848 0.029229347148941678
0.2664478589461388 -0.2933256500258033
-0.020008993016046597 -0.26190755987968684
-0.005586743591144053 -0.01357707298731333
-0.5700296599901226 0.2870506947083022
0.5283398019139028 -0.1958472583618715
-0.07717000661992494 0.3832485552056261
-0.11751169960967998 -0.2518047332491634
0.26368555725953785 -0.33480514723571897
0.17143846985467856 -0.2125611983199044
-0.45066273058445366 0.08799133310523205
0.05160198208274665 0.04402158977911774
-0.06603527232617659 -0.07058199428153923
-0.20843591503426812 0.15841654846435727
0.012278890776344337 0.8513487512190399
0.00506384943344001 0.030343255205539682
-0.055852807934744834 0.1012295480358501
0.21641127122512996 -0.08217634581883859
0.1280258029487897 -0.24135639050761687
-0.07033266497960154 0.1912115556177815
-0.020607891939246437 0.3763452858693916
-0.060917755650562636 0.08398101982069028
0.4776840515060592 0.10521681962374972
0.06061902265100847 0.03430704952245966
0.1196825007295823 0.38642115353450845
0.05273678984662461 0.013566282526668229
-0.21172539385065392 -0.04928826003049318
0.01679699930505431 0.029226859200420143
-0.077819608017108 0.10560785867499092
0.05465230661065114 0.07440214554939743
0.11857809503754035 -0.06151148687485131
0.28060962277228735 -0.06293795898888853
-0.27452940401635856 -0.0797866683649201
0.0289902154782303 0.08986712882124442
