0.1427899793975368 0.38547372534075763
0.4664033823284213 0.2986998451359517
-0.0765809577589167 -0.1533958643909148
-0.13253865258708936 0.05286886707669362
0.1882707400484126 0.6024838408881711
0.0017214219527157352 0.10556283337096717
0.2911508083532044 -0.1286501330644805
-0.19368573618665172 -0.1859978394565358
0.03407305967506895 0.026840223848261898
-0.07670922524139961 -0.25036346411037297
0.40104594377928104 -0.14658886827553425
-0.06770195343749971 0.1421352838040407
-0.24595466451538917 -0.03775412083524249
0.9378777145063065 0.14074040068403423
-0.06501556828477661 -0.33805387159212585
0.1562950247003254 0.33961268466584005
-0.24358039482511407 -0.014568913225745446
-0.04481330749031071 0.1004146863166352
-0.012125339133437663 -0.811465787243339
0.13178100281660263 0.01579189621200991
0.19985119207625376 0.18511050220647768
0.1405328452692506 -0.14088756676959666
-0.565579685418576 -0.09796962392069461
0.24712048305102463 0.09402425660314373
-0.15992075121368698 -0.11099973614188315
0.41655405123018796 0.02015092011364871
-0.14175563659035895 -0.16210069412075734
-0.09225415490439706 0.3718972179662444
-0.19316697649597683 -0.14938400520527456
0.25596057562590674 0.06200830632534448
-0.1605697168645418 0.15297725341301352
-0.22635283117039928 -0.13650932348979608
0.5858464236539829 0.09276015316090512
-0.09462956325838771 -0.1311152724726591
-0.1384783318481009 -0.15385882761097378
0.017840481146619257 -0.04272142207519855
0.17734598109278663 -0.2743734571753068
0.2124883069248309 0.6511035552001757
-0.0057747851088008305 0.17923129184730904
-0.06539451226735042 -0.01160415132676107
-0.036835052610489145 -0.5402392186555379
-0.03591445616595181 0.08952408868036667
0.06538315026020121 0.07348258805678924
0.11523554808586263 -0.07466149647068368
0.23773892842612707 0.1654395924443232
0.10908689075400285 0.011391578146423437
-0.13362424717070265 -0.049105167345945805
-0.08917088440853002 -0.28589957852647746
0.04813454648959369 -0.12533291211734093
-0.03364558298454595 -0.37273801487045266
