0.09064897716950564 -0.35369011675662554
0.07395709286945922 0.0334391897742907
0.16600042789221 0.025436906881710925
-0.17703433727770124 0.34172913901736907
-0.17747171399642636 -0.009404637956776582
-0.560306438140613 -0.23424043326990518
-0.05999649655450413 -0.10069702178431793
0.0015595851847652687 -0.20284840982405228
-0.3241965579152894 -0.2174113243701548
0.2467760237875591 -0.398976487138856
-0.06115374539471216 0.4581872611244234
0.046932391350759495 0.13150118868153557
0.14280925707618292 0.15913583710202686
0.16982913600348923 0.1788739349397229
-0.010514246866574642 0.21459621058761394
0.2316040990948734 0.136197658915669
-0.33180285291717565 -0.1734878763377981
0.018787743701844613 -0.039384114664316405
0.17544248806980545 -0.02391539845385503
-0.0488049774152024 0.4325043231101344
-0.3302110111802716 -0.557806599560357
0.012290631896346771 -0.2744079025599876
-0.28751489805038355 -0.01980557823145745
-0.31908523932156396 -0.21792140829149173
-0.11022374599724666 0.11263480437710299
0.04021014439869686 0.09792705829045048
0.047309878123721255 -0.02671590643533204
0.08601365373134041 0.29774856268010563
0.36330241285943776 0.6854339451129308
-0.047016711223921565 -0.1136710308426242
-0.5566796127393018 -0.020120228533633985
0.27964770651574294 0.08339277430651115
-0.01473142566265873 -0.0362909534995481
-0.19644514939869007 0.08122552875156884
-0.03399912318884275 0.031007697836548134
0.46083669235651803 -0.12165962690760652
-0.04369590857028227 -0.03490017558935181
0.1529022114992852 0.0863374211096581
0.14955619689676827 0.008142324796697147
-0.08217269043662107 -0.09929948396984188
0.26677261587902934 0.36629066853699166
-0.1531934665886582 0.457592883639287
-0.2465490946292051 0.08040927166334211
-0.2688491117553793 -0.12466907043172396
-0.0162487583211363 -0.4639351266018751
0.31514947622795547 -0.10117579360335818
0.26389649516294156 -0.049083528869673744
-0.13591170873665356 0.5714792069347907
-0.35255181346058373 0.20934349497550708
0.3226173351644932 -0.11708502344036278
