0.1427909086464243 -0.020180755852981538
-0.7709845082027984 -0.04050805188977591
0.012303125695474378 0.08882426761597854
-0.16824722770722925 -0.24314709390692535
-0.06677765429409424 0.027585625125499214
0.21318881216433147 -0.2660947973738636
0.0014718963198447751 -0.10540303180153213
-0.011379697962604435 -0.0578510618209111
-0.4339974218814078 -0.07595769260981887
-0.05443256953835612 0.1690294432874235
-0.4309400153919981 -0.04504730809707895
-0.2438139831085847 0.04763524057906118
-0.0832577535007404 0.0908136605821767
-0.21108908941642782 0.24670257845067
0.19084696652608027 0.08336348917329871
0.2680920337673371 0.07106443785682104
-0.46336758961315205 -0.5264538534875587
0.07672611292978353 0.517274655697557
-0.23549788124342258 -0.061417454658316877
0.04177032682114079 -0.1800578090756298
-0.4613732857474296 -0.2570799200629705
0.044743998440368644 0.171984674004798
-0.022190555704312165 0.02147951272970482
-0.1269887201423878 -0.03516886695223297
-0.025337843517368078 0.15546109922853707
-0.1946606471529799 -0.21902243592115875
0.0545867677714203 -0.10890890415766817
-0.015435065882157643 -0.050921608234021656
0.40318038253605093 -0.03356024127075454
-0.4964683699246825 -0.14126894097826578
-0.5870795988378372 -0.024455743068894684
-0.10227862277803233 0.1266790408697908
0.13723300875483213 -0.10719220107943367
-0.1072228581751314 -0.14659196265409113
-0.04538253416823762 -0.05395233657401848
0.10372753257220375 -0.6618629393254611
-0.3604761734564397 0.3335002187501786
0.014252853006865924 0.1841565702466799
-0.29415090471134675 0.022271960345611033
0.1836710808891182 0.004324609688858221
0.15303363142763643 0.08313696450660116
-0.1438235907256743 -0.08757086062472776
0.03833372610055632 0.030692860370165245
0.1357484346488522 -0.01686329302896202
-0.02828522564255371 -0.206193035404262
0.18320468210899632 -0.11208383162216505
0.06797584859039517 -0.14395889063454542
0.011655057893718072 -0.29324998473272396
0.18868963583723136 -0.03641202526594988
-0.5839886813485234 0.21175148487785314
