0.05931211411544494 0.18077183919677478
-0.1347357299757523 -0.7830089524435824
0.12058668512353748 0.03260068242715457
0.19552016192191524 -0.09491652167525917
-0.09406104041475845 -0.7685090253747271
0.09543348776900375 0.21616596512573577
0.13440921226865543 -0.49339071425686537
-0.05067823670338692 -0.0885946316165138
0.04768488525949088 -0.3125869446237505
0.028931526944307645 0.5811366816683179
0.2005356168937009 0.36431084116176
0.1285694792747396 -0.14722866750160754
0.19643952171008672 -0.07224889155536923
-0.3119567018857314 0.13314781320573496
0.8521104098834267 0.2669173822419155
0.21052707198721832 -0.0147181353312967
-0.3104307981539956 0.04687496967330078
-0.1394328669803416 0.022001419243656728
-0.43564314626014344 0.06785612717509536
-0.060643409549775686 -0.1448425220473874
-0.41834053287101586 -0.0613801738073472
-0.05724977444200342 0.11075442702751598
0.24711077195835693 -0.1511305302341253
0.024691603618205916 0.03346881010063385
0.15719567130868828 0.15261232519322238
0.12455501813796073 0.13955769681779398
0.17594467262034974 -0.2894195789706739
-0.47210065329438744 0.7889388889863352
-0.01465357799797469 -0.22794506378576448
0.661367824999438 -0.5798065252875595
-0.07697387394431171 0.017765845177859
0.21597945114781458 0.47962365747228763
-0.23294593298993052 0.09232074990582595
-0.15186740863147083 -0.17615015467325773
0.009893584701025259 0.6458348309912734
-0.007438877325212312 0.3676786924170129
0.02332553088904904 -0.04359350707325309
0.06771539056615848 0.3950790248309573
-0.28694848096513176 0.04896828450022616
-0.4454746342081564 -0.3431383788735258
-0.09288045985583013 -0.4032785794586056
0.006691441222151405 0.11759634510802251
0.054938053552935774 0.12272575955245618
-0.876860077327806 0.2720089358642102
0.10802177725720291 -0.11724559807467239
-0.12899556881490465 -0.012008067349761703
-0.25305135538757073 0.10176419633933234
0.12093593256744416 -0.009804277982086721
-0.18457903050310456 -0.1438202370874398
0.4020639290347678 0.39494324684965537
