0.026249855798648226 -0.22747025573521548
-0.9021417840716494 0.2010544236240751
0.14441986477894814 0.23211920361687619
-0.0037966004685902766 0.42799899717136763
0.17281854388576826 0.1306665256261865
-0.2746308780959671 -0.03951661624945144
-0.4826438161230813 -0.039548347504534426
-0.053795352201526016 0.21182925425539545
-0.08042023594713232 0.09757120649995543
0.27157049799774685 0.14856084595257427
0.07363962934322281 0.10931338495413666
0.42521517211072263 0.23177350205182146
-0.1460765166102577 0.5185154499433908
0.5100609237498802 -0.010431797571383935
0.06272768658129196 -0.9734376297783739
0.032846527937330915 -0.11302905489641422
-0.3797211869211117 -0.10709845272526511
-0.0285189856720687 -0.056593972965682394
-0.03737799225241506 -0.05834371436561854
-0.12693975635023214 0.1129915987972892
0.0782544212080128 0.20706407291522086
0.09859320282862832 0.03761324446382933
-0.16216562971249981 -0.28104978604062186
-0.015965013224631626 0.1358858017310416
-0.029349449452065454 -0.05916151759729174
-0.30566966193276035 -0.492028277515669
0.027305505407791975 -0.0073435979518234875
0.1167325871718335 0.1141465476747686
-0.05708699946317315 -0.08488736140101955
-0.0721647937476927 -0.07355313156115201
0.07217207893821041 0.061533354253218854
0.2803405040649682 0.4207544192339464
0.15643158626100537 0.32565446779423457
0.4430979585190478 -0.08734209066669157
0.17198610191895147 -0.19037948205137312
-0.007899237256864106 -0.24987175294555494
-0.27383215090392027 -0.01571344729142974
-0.07609340603291435 0.0767747033418183
0.17862763847568927 -0.14897602595996146
-0.5017886437854417 -0.10695218453483105
0.005169219356627161 -0.03762499749185678
-0.0568364473543193 -0.08400494999698917
0.676129940409364 -0.1730110724067221
-0.00627005205274053 -0.03601119234316623
-0.2797546024075938 0.10420578638434086
0.09952781493900019 -0.8111936629398786
-0.6859174234900457 -0.04946717422456438
0.025916754327777465 0.23759207288153406
-0.15094139279898938 0.10061886997233516
0.14818326827501568 0.015265621757774206
