-0.07638864351400507 0.30296318584714577
-0.3757451318438294 0.21380582430647294
0.03905845344152318 0.02517166149664343
0.17145991197589872 0.024460793720365543
-0.27061986873875793 -0.22577244962895118
0.09521110244580941 -0.12491590700804756
-0.005858119076244195 0.10693354853641868
0.4871424622326561 -0.006491661990643452
0.28167987554850216 -0.24255881391639159
0.21688430598197553 -0.4982444567790335
-0.4312688370470424 0.23422645757291624
0.23441504870069949 0.1876265967066626
-0.40499660761029904 -0.3861371588637446
0.04877503654926421 -0.15330803937088772
0.297463336917645 0.06796594394222998
-0.6159345919798089 -0.36768315815445746
-0.2531014979466231 -0.3459368967007934
0.11639604717881391 0.08078146635204599
-0.02860192783699162 -0.12238918562140798
0.09860107166145636 -0.07175356319406727
-0.4892125125161297 0.03670726209403814
-0.09559057748822193 -0.0691982368131955
-0.44888680786915797 0.286833859189151
0.2633457373227364 -0.25510107365987517
0.14112216927713625 -0.050856226172969504
0.29099100451428933 -0.5678826781708856
-0.2014057055991433 -0.010172013663346847
-0.3908809086845261 0.006739736385217402
0.15389714512380562 0.05225507095767579
0.06552012852157918 -0.034882472286387425
-0.1056618290688183 0.00547293198834536
0.0582731110821956 -0.013780114417958848
-0.11117359288531255 0.004600549378829587
-0.1144101420561162 0.7473445185785393
0.1815727086061495 -0.17080888381315054
0.05444272358695804 -0.12178387543294958
0.054138611247676216 0.006710367333766596
0.25620552030628907 0.2349130223566808
-0.23331162349948445 0.3535462382072983
0.04309708349301181 0.4695042023827665
-0.008562392513178798 -0.14386578374678358
-0.49287648972774056 0.2366860221880976
0.18136698115660302 0.0672304167027519
-0.21317321644268367 0.3707866728456122
-0.21019654339246682 -0.04869809640500497
-0.0805632821037339 -0.19416012176708386
-0.033638649234957456 0.1339902755554885
-0.30737784578778776 0.6780253795128736
0.08549856766068656 -0.09703054020987402
0.30081786428581275 0.39841432794902437
