-0.6238344154767974 0.7797957342651824
-0.053791694157193426 -0.6060892107513176
0.48284812138811994 0.37200312042982464
-0.5393699479002014 0.21549331957162576
-0.8215529802280024 0.12074897502082593
0.6926636776445121 0.3877857411950829
-0.6391306310916129 0.11092394090402724
0.3174105890553769 0.03181500966023143
0.0674708704975624 -0.07585566741431249
0.014617746201910808 0.42227186549932516
0.8208855614034316 -0.39507398977411157
-0.4272965153449526 -0.04364327943881019
-0.805314420920507 -0.03204966685021504
-0.22733731397894452 -0.30990454461628536
-0.07524164245891951 -0.5772484310193977
-0.21470115090903907 0.006260408942828644
-0.09130201014263184 -0.916205736885431
0.9240287294001344 0.1945034638377634
-0.056276531337983826 0.6200487270009463
0.717699752149104 0.6591034157398254
0.849108762729762 0.4018764429490742
-0.8100734007975734 -0.1751020187964054
-0.19349859385824386 -0.13242075909677853
0.6664904234932492 0.4905040316003699
0.45768668457461215 0.11947233951073177
0.4897712463758459 0.041559179727890694
-0.05170269680943851 -0.5222168281904227
0.6898734558536532 -0.4881772193568763
0.2972820690210427 0.88429660997811
-0.635818321718268 -0.5320787375961353
0.08885354976165027 -0.4910327147235223
0.41085828266064506 0.5736560998051692
-0.3935904676967583 -0.5621108029005266
0.9230434826968708 0.3004089359413462
-0.5231143660920805 0.19417498368246666
-0.19522219289158582 0.6505410915567751
0.7715016769289296 -0.33245285845938244
-0.3749605898921913 0.19147879516254362
0.055204911916261645 0.9425457230712884
-0.4960301939127565 -0.7190266082866905
0.9770553401403053 -0.15799897390622508
-0.06574345026983974 -0.37308959261922725
-0.858988236655077 -0.07653375329994239
-0.40776398228872757 -0.8724781101639323
0.3913743425353391 -0.42477490734354717
0.6866027614318571 0.2029608091016475
0.9635121163885931 0.05170756948582733
-0.042233974256302265 -0.9266997464901183
0.5929726815343346 0.10541055403912125
-0.94413108439106 0.09883048640225223
