0.30911241300740566 -0.19116026551838106
-0.47586610975791777 -0.5095047208225691
0.06568742425712903 0.20685526546916932
-0.37275750683661824 0.3329275318042799
0.23855098494662808 0.883292053926372
0.6399167554685103 -0.617408186493458
0.09831197205674291 0.30094629539555706
-0.7934716837795206 0.41119580072066375
0.08130182451511692 0.4443828232823126
-0.048627425574485406 -0.9309880925018446
-0.42300274598831944 0.6148103394056463
-0.009485701260438795 -0.3793626148920852
-0.5517772793063778 0.13001482052014524
0.6691980960187696 -0.5885335241728469
-0.23396062464511092 -0.7015933293489369
-0.12444587096145332 -0.1567430149608151
-0.5582348173390013 0.6368540813070234
0.41454473727515295 -0.1145979146040994
0.7697759791580232 -0.6189226880772043
-0.820238634769691 -0.41325881919066654
-0.22368694403085954 0.4018484055245344
-0.28112118123479446 0.08615665465451428
0.2790763297950618 -0.43151179164613396
-0.26110998839973654 0.22009582556662988
0.3601386258813801 0.5624863079172642
-0.3700066719631161 0.8519049636026061
0.04825860410446792 -0.7113626210145292
-0.524585129162547 -0.6903491151038612
-0.4215316562030278 -0.11226078476680601
-0.20263479698689868 -0.5796419013630392
0.9598366160776863 0.24708819899827805
0.6630704464683042 -0.4686788812285896
-0.007536821200049948 -0.9239834608488413
-0.8711801422138639 -0.3436679689903914
-0.791283715915803 -0.4709545929014358
-0.30625948853445983 0.3036887459367099
0.656416457025212 0.16635958502041448
0.18342181205738517 -0.43232182537137387
0.386747981355404 -0.228220165302792
-0.0840631755670469 -0.7460730165680485
-0.385760047977334 -0.48400736484631524
0.07393639577509559 0.08949777556023464
0.12512210798202505 -0.6592468458563676
-0.029942771396212375 -0.7561102499949706
0.4762159128666734 -0.743958445930591
-0.5223123373450591 0.6339465483798148
0.5996611047855607 -0.5815315013709952
-0.7487192228326727 0.35016715207568305
-0.20950027810116145 0.5916989281161722
0.6816094714466969 0.39311798402181375
