-0.4299199420791482 -0.40958802475313916
0.11062858461672054 -0.7723881826367787
0.025925160197436403 0.2888746302523686
0.3554460176568879 0.17427980848432356
-0.37557545276738913 -0.04453825871896866
0.8550648618701384 -0.41367449780057197
-0.7555194091125275 -0.43254424436816974
-0.39017097370789733 -0.6613998220749793
0.671641137546247 -0.10198494780530432
-0.22080742324986202 -0.41576845952219244
-0.763562243200925 -0.593404934094576
-0.7753046821157938 -0.40755894909439716
0.4144024811832254 0.32049766434990623
-0.02698119897846274 -0.227252723437533
0.8877047281174684 0.3999304807846775
-0.2589844469440308 -0.9437735478038862
-0.02478286497695148 0.5036135719275356
-0.6378498836044688 0.6004513371709819
-0.16454929815222585 -0.7161603364605156
-0.013087681427240927 -0.46283852911685686
-0.6885519899036876 0.3447657334512133
0.8507008222856405 0.11366322678093965
-0.017004978000833226 -0.7028219862873388
-0.5681291519206586 -0.21210510327989485
-0.7067734352861892 -0.2410172159149706
-0.8562937548314593 -0.20700813651777406
-0.18738246821328874 -0.682147893678871
0.5847129429655773 -0.7757575265951946
0.3885704625958417 0.6591018808242552
-0.8147017677970307 -0.5510149760458691
-0.9694473618188282 0.016236932045278873
0.5097987615592126 -0.3647125134420819
-0.844339014603072 0.11201704998090567
0.6892414421137958 0.12081753262943429
0.5666677163600531 -0.18341961306194232
0.780542448038172 0.6130972006543018
0.3846063858839257 0.6679127324920446
-0.49559059941367933 -0.4243218789271783
0.3149541101351889 0.8512533112712701
-0.7433645319900015 0.2609978187029165
-0.24634241116101063 -0.33299190788801214
-0.9132502497445742 -0.014060530004184946
0.47746060725754047 -0.8365747052484422
0.13782970329897215 0.25749629033058885
-0.7067505193257766 0.0907466091378144
-0.05467063481337675 -0.2967108969340968
-0.043134573124226305 -0.3305530801922303
-0.7811932547352245 -0.06335481054528813
-0.5889724640192042 0.43491968224993505
-0.11857775361323575 -0.7087493803196669
