0.530849256121906 0.5490972441341357
-0.4305841123159717 -0.1911661765276571
-0.338062192294875 0.49666923080226666
-0.07538875156147418 -0.07663977654888288
-0.1878739184236875 0.27309486800820015
-0.7321318998158333 0.0877274252652358
-0.45903385706087474 -0.8293406102403651
0.8104877552590051 -0.23460606840421971
-0.1191540081524729 -0.3249497480192849
-0.38915692366400245 -0.7997584148308157
0.4352453794529427 0.44796221761775756
-0.6287294637509604 -0.32361730090016794
0.8329427972949444 -0.07720000255397275
-0.5822038204240181 -0.09753462238517874
0.024337008757319367 0.9159453228615972
-0.8377642921725341 -0.4072463614382609
0.4662218188383973 0.13550484232578563
0.5108338963584349 0.0625646028327187
-0.9617532912675788 -0.17863600393407042
-0.611295955003087 0.645938056878923
0.4251648766310345 -0.5279362044757354
0.5039513987543454 0.8191090637385552
-0.6531434895291102 0.4471050014584197
0.6022059099958885 0.6640991139928734
-0.6169519094857583 0.3446502265307352
0.9887871241405028 0.010156818679899482
0.3743700358123965 -0.5006041022943697
0.43818696527718903 -0.5547000952967571
0.46344741952116997 -0.6329840978564933
0.2615128862120202 0.14161011361642628
-0.03231655802716449 -0.6823396717742722
0.2248823493520673 0.8813281880095738
0.17481571439671906 -0.28962517252355324
-0.363717743043418 -0.7791696960385566
0.913487842256673 0.3605269655474048
0.3881201315690086 0.45142277479574844
0.7281428584963283 -0.5596033754061993
-0.49872528502727387 -0.4805298047550213
-0.18349720855416463 0.9450933032147888
-0.45520813159654194 -0.2430148924036717
0.6005395195298429 0.25831578073456374
-0.10089371754880494 0.833169748180149
0.5538703016692399 -0.8132060404411978
0.042130730169567476 0.10453635142894191
0.42261937638346225 -0.7648769317416453
0.43846093416578147 -0.5760960026095678
0.1486664178610959 -0.512583912497075
0.5323832379458346 -0.8169373496199859
-0.24095503030199739 -0.5400230518316504
-0.8061689419686453 -0.362682415690619
