-0.9056126093961017 0.02081530267922793
0.10713823760128816 0.3542258934834215
0.40490406935380663 -0.8908620976560366
0.7316816999869427 0.0013263083913224172
0.4476219803679369 -0.6885017663463242
-0.0939497483246956 0.5877105529009787
-0.5857961900564153 -0.43005939570754914
0.7183754880634621 0.47459546068082403
-0.6619151207937097 -0.2690912843706972
0.6952983410304838 0.6244320331615842
-0.5260162833895916 0.2637312311242779
-0.37264894799579107 -0.8237519384968879
-0.660189773205295 -0.6989349363507249
-0.07571357938198853 -0.7296284135038957
-0.3445874048694644 -0.5745054523238329
-0.26335288223868725 -0.16609795500381375
0.44085517393942775 -0.1781035726993181
0.23835524826224574 -0.1627223247056826
-0.5163486879380619 -0.26603565780461413
0.8116739579360839 0.05036314912502604
-0.12723511897542128 0.7691927627264625
0.2420035334653159 0.5900315295031147
-0.1783117051157923 0.6439565224836814
0.959939027702374 -0.19865983279810018
-0.3947027012194049 -0.37976730031033235
0.6564218646269071 0.6216304679895792
0.37882628341195446 0.8696604761484314
0.17880132622692946 -0.266403903289252
0.012136774060232502 -0.49242700534107464
0.3742089648002045 0.21938827875291378
0.13797274864005082 -0.7671017189980389
0.8058982850461434 -0.3712531740729661
0.4406596942934269 -0.721118168588198
0.34625010071771944 -0.30741427971156665
-0.3455387149716105 0.4334964756675217
0.6837513276616174 0.40943083885985354
0.8523608339000788 -0.012960640586199723
0.12251636850082592 -0.1401237963723354
0.45989922404110084 0.710215809879269
0.084602103181316 -0.5255574832565819
-0.2994863679906834 0.6920376751767223
-0.10621003691190234 0.1527734229301223
0.7218136920259772 -0.11933711822319015
-0.2860492960313019 -0.23152192542745897
0.09138146484159493 -0.943423800006058
0.12690461036206924 0.01567526840211131
-0.19670968583960668 0.08845806020696867
-0.6893426595743091 -0.44776534616188046
0.4566752142315582 0.43315351716302275
0.4823723599406602 -0.7097853181960865
