-0.5147642914246822 0.15260942124829224
-0.22209394623106737 0.9107692273131933
0.20348413615124894 -0.6971695081169613
-0.19449283884714985 0.7562556090166423
0.2955771413303405 0.8840035770221255
0.04012691203020258 -0.6212641703779531
0.07140952407677337 -0.9587872146590117
0.2395707223030359 -0.9687459868084893
0.304399502085861 0.43728361406990857
0.17164100436029028 -0.41027492311851566
-0.7208159069919968 -0.09547267600481302
0.05385878904742247 0.377651795210983
-0.39303532414123343 -0.17491083800118568
-0.30877451013660484 0.022924220202008128
-0.327734583191275 0.06309927619916667
-0.7136491696929399 0.2614596286195239
0.6417392250478899 0.02672665001517527
-0.05852250531576497 -0.4866732224130128
-0.016609242394697965 -0.7012445618406664
-0.7576099423685911 -0.44074462114863944
-0.47595835873417713 0.7798894208181111
-0.8211647554805785 -0.23042477451525656
0.8862723979666516 -0.43315227262720324
-0.5648757321889477 0.2603639270101967
0.9003518341597461 0.03176320924148324
-0.3920069523994718 0.9072550165936801
-0.16579701504769973 0.9543292605506204
-0.6933293222619221 -0.2908358204935455
-0.00179467575866199 -0.9730850602543129
0.23094551574245403 0.8505231542721143
0.27793780317205075 0.773430150957841
-0.46987729426067726 0.4076932763936285
0.6416042376644915 0.5214271854865862
-0.7518838087071762 0.1391441735949155
0.12093240407822381 0.6573051389462798
-0.027810734197314835 0.5846110652321579
-0.7453970756260493 0.500029224902746
-0.07703209577504855 -0.5226470637500134
0.0867386658709759 0.12568597266069137
-0.035212967006267304 0.95161536092308
0.2842994294245824 0.9072906077885265
0.3326435527811247 -0.717821284774556
0.22533623326494756 -0.8512138736111612
-0.46255223233703013 0.7888465282065924
-0.13332314571820203 -0.04597950537146489
0.3813559284935366 -0.026350877412506524
-0.598765105735841 0.129906435876594
0.011876246473496943 -0.2075570036474006
-0.6710135786015299 0.28616088059603206
-0.18897791670652953 -0.8343164977488808
