-0.3510415191080991 -0.012899875528743499
-0.556510176104634 -0.5942654216482512
0.031043765048835548 0.16722594185722084
-0.9229629427985149 -0.1272105045873373
-0.01918175976308878 -0.9522711697593111
-0.23967693848233806 0.0912585074456791
-0.059303544113096684 0.6504614040398227
0.8108430172497967 0.4514051601941018
0.49306434056226256 0.7394982907235059
-0.20914462709205472 -0.9769015064770765
0.2836355673348623 -0.8057333335986385
0.3272032600046737 -0.5948496475612945
0.856914165557823 -0.21313227687418634
0.5548091256164012 0.19596027857210485
0.5299452544225174 -0.04641869009366606
0.31252577399236015 -0.8960703635210896
-0.6521956587524347 0.21722599654913455
0.6900179889740143 -0.06299950368162643
-0.6100499135141901 0.457783804530987
-0.8679545614415245 0.10991905651834855
-0.41586765228182077 0.33627287967370734
-0.4526458638088664 0.5678439092475309
0.9034434965897238 0.11847933627429641
0.09471177368571726 0.8002785051436763
0.719568285585571 0.0924828325430107
0.12496589139006398 -0.9197283822147571
0.46962958883086503 -0.4962541512075205
-0.27204715927117973 -0.09360104704649896
-0.14448064907054947 0.5299698857483277
0.26490996161962 0.8457632829911499
0.6047226962031786 0.47186727140386675
-0.16965017540715754 -0.6830516005195795
-0.44875768744311917 -0.6152511461964645
-0.09478707909741146 0.5607193083756437
-0.4327444707779584 0.3261421066187278
0.42094399267497007 0.09790588553452562
0.3472339879245858 0.027154705119304623
0.6660287907400042 0.3586367919458193
0.9357816047200522 -0.2815350876236582
0.25056423712216125 -0.6810686602928158
0.23880808907752193 -0.6208968995164181
0.03622737654093955 -0.12618708972183978
-0.6394847402270223 0.47829935166190607
0.09938355384598418 0.8171630648510946
-0.6537927378164659 -0.46758415130876196
0.5174570264025227 0.7264754321645261
0.038732589049225385 -0.3929932295986598
0.28756359247678454 -0.10244865396905167
-0.009044829670669108 0.06525623366842215
-0.8746895385156346 -0.11460545159508984
