-0.15062475820379095 -0.9047062286115697
0.6125454954050495 0.6240937106372435
0.6598949807183885 -0.6513157089383188
-0.35102877734815974 0.39643072736283713
-0.9299680927566589 0.27278869414680473
-0.19381259405281748 -0.5641490428354661
0.21154946220097703 0.19004310590171558
-0.6518609294090809 0.1613555816155925
-0.6223495242064108 -0.18593951737183723
0.08719061556008834 -0.9787178211764886
0.5851700319964117 0.15540349138914755
-0.1396005409135146 -0.16316330576669325
0.8144406506196777 -0.4955486737260122
-0.29584122878757224 0.9146592011542176
-0.9501361747532733 0.27252254242548135
-0.10141764219918947 0.05042805383069071
-0.7474000307627859 -0.3352227089208075
0.44374445529290507 0.26940322495081914
0.5189164620427342 -0.5770860917322469
-0.05868658676107841 0.2914814627010933
-0.33970552098765183 -0.679890673187155
0.7381740870026772 0.5487252634559678
0.47174090701822524 -0.7812072807891355
-0.7690847757578185 0.09839968193222948
-0.28885047831004207 0.3910983463022242
-0.11287268720491639 -0.3769876972406081
0.5151311127640752 -0.5907684188495348
0.11705177978851156 0.2870629662171609
0.04626030872730502 0.7298209397048043
0.3589264239717005 0.15505566190803988
0.43524300642579816 0.24805269659239615
0.2639307934284245 0.17808655549639973
-0.18725839471144745 -0.06362001037917775
0.43209960732668695 -0.2177666087835266
-0.24730960211412656 -0.7437747588312664
-0.119794493525752 -0.71637183132222
-0.9272957375285884 0.3565058654133981
0.1296063172525337 -0.8665580901565408
0.8482626538311444 0.15487914827723936
-0.5835217769262504 0.645971342617228
-0.7191788688567937 0.6277270775861297
-0.6114240733608853 -0.027412379459361924
-0.3745343385970554 0.5731759274285002
0.47885067801155845 -0.5775479678082482
-0.31513752662623395 0.5063585316958439
0.22105389244978713 -0.3057116502084478
0.46046303737567507 -0.4123572029153022
-0.4321926741223867 -0.07311029137311276
0.67837128362104 -0.15309919643236913
0.9774156542185231 -0.09154691359911982
