-0.5614475191907133 -0.23168139933427967
-0.4401297567117106 0.5540364176756656
-0.5843624602055508 0.4549759984711099
0.25599861279165825 -0.8795712322333562
-0.7514201281377091 0.09036685212249917
0.42544817836241866 0.37080056502946657
-0.28898052816025643 -0.7902445554000419
-0.8632607039512283 -0.3034342443228737
-0.13625722715448574 -0.29392499901865055
0.8260876993700224 -0.405038678092591
-0.3780494542936501 -0.002760369025134324
0.06552984080757085 0.5525564023624865
0.35630980663552614 0.7550170059089982
0.2129452372405305 0.20779673361125606
0.49362031031922227 0.14104327274727502
0.27428400128763375 -0.4038155277089288
-0.5719119532762686 0.5905651404198522
-0.9269050558365697 -0.3537360783433303
0.47028858153373143 -0.07602117495468996
-0.2076340107419561 -0.5338000936157208
-0.01657254623484805 0.7250153971063682
0.1604313700342639 0.24793842899134422
-0.9658601235704314 -0.2421903818704354
-0.20109360808586718 -0.46658732082053
0.006071516310517389 -0.8920074673752354
-0.3012058842580301 -0.5341102949089231
-0.0797174257756359 -0.68315938207044
0.7071584607353969 -0.4858353218673772
-0.6267540747261204 0.535924344998961
-0.20407265162050026 0.16434931865757774
-0.28973366751277707 0.5533659325988511
0.4197487186464641 -0.2829173265244582
-0.193618348869939 0.9472880052229455
-0.08422789875062575 -0.9021749153916312
-0.8186605456355189 -0.06116076683006444
-0.08588575038939705 -0.1588003780040268
0.001080178561792433 -0.1594353221108773
-0.966638614373247 0.04170920007791468
-0.7226922200127317 0.14837832402502293
0.3745795358009265 -0.5161844640743909
0.47738928640718004 -0.07956266068298312
-0.21650608820702733 0.5421519346192518
-0.19693968818013352 -0.827292666525717
0.7590698120729542 -0.6037158828705689
0.1044237286970855 0.03524738476378553
-0.5651898328067537 -0.2669645286563116
-0.10979119382952796 -0.9034366001296614
-0.2873915030306049 0.3329155501298251
0.25314104015318195 -0.13147913825432078
0.21550002516752342 0.955897458311904
