-0.004912616264620473 -0.4757649930098644
-0.35073544699671344 -0.4313442123609508
0.10902644086895696 0.06964165946029177
-0.5934073225269714 -0.03281721571314833
0.8361072852906664 -0.2706279146517132
-0.3928966337704276 -0.3077138682328151
-0.16445998445111965 -0.8676593179070407
0.2821813601260539 0.9285998401301783
0.3364721562070889 0.31002390850940564
0.1872052740272787 0.1108172962057885
-0.8246681048675806 0.3821896594940901
0.10786397545005033 -0.7423767060147748
-0.27343019642878774 0.6514227167862185
0.14006823053134632 -0.30139021201617866
-0.7118900250337707 0.48329803803218674
-0.21934149041312834 0.5655800474161126
0.5710526538767742 -0.4606331656020135
0.15028056638001042 0.45813446681453973
0.08316312500282486 0.5156745876281073
-0.5119752205328612 0.24288615544137726
-0.08093401545683943 -0.013595861353284722
0.27098672318760353 0.38356297552731067
0.5080281210133264 -0.2052228925300439
-0.5768719565133542 -0.22753074509148874
0.561281332005864 0.5918030089862221
-0.6106576816691469 -0.45954955395261865
0.8805676652398624 0.19451768325313235
0.5968471649587657 0.732769806943768
0.20987528756822038 0.2632521801763399
0.6597989394750396 0.1288963818218931
0.35157417278512537 -0.6461767969421119
-0.4132923825978434 -0.6190528434550697
0.7547647973716147 0.2667525880553161
-0.3721111365734693 -0.18767556539802466
0.43408310230682123 -0.33002630763316465
-0.014247125605220567 0.2025314261752209
-0.0050570424870350905 0.9458871042071664
0.8907580311302323 -0.30534978296036375
-0.22473221439680002 -0.5572067329490822
-0.380400534954658 -0.5783764924570891
-0.25454589166871955 0.01964338249626718
0.05764172338129847 -0.8225306949498425
0.8992591047516205 -0.17642785645900405
-0.06913459590768256 -0.22067982567332023
-0.5404828912548292 0.8324648676679038
0.5109214395068775 -0.686826490978578
-0.16616409558410838 -0.8210656790356776
0.4006644801239825 0.4332589880069244
-0.07335107225157866 0.7347155217245007
0.6467919766692987 -0.013257241158644684
