0.5041583112042025 0.745667607233464
-0.15388315486836301 -0.15816562323624028
-0.4753531078823463 0.7418241350821293
0.47415932394105287 -0.04438209104717683
0.9601125103794417 -0.274247321328281
-0.3521825101581577 -0.7695596628732864
-0.2769222242863729 -0.3943466986725981
-0.29443697583755113 -0.24540494853542483
0.6866704068895562 0.30936545545751004
0.06857157865662056 0.02661363600091793
-0.5209339233919503 -0.5445348503815943
0.29704193338705687 -0.9104307285850388
0.8169380945343492 0.44923805936359007
0.4727721990207501 -0.7378485625804778
0.5244602976340653 -0.35361028883862566
-0.41179877260927533 0.021140742601623685
0.7008563195403223 0.5038516007778053
0.6643829015165594 0.31264552901652265
0.40314196189650153 0.04156980016570433
-0.2880276226767504 -0.7355229787640745
0.549755178434006 0.3087599829083989
-0.34070577906194166 -0.04551890329639319
0.842801021825405 0.3519720035375018
0.5849248589838032 0.04860068001965345
-0.5225838492163566 -0.44211341304984875
-0.020512196865130727 -0.7092463408545915
-0.0014920027124403212 -0.6295800614740121
0.5713134302277936 0.5199614760312716
-0.5019593461370886 -0.38648840986161126
0.8999197790780131 -0.3241435963255255
-0.6548463411001701 -0.0726851280510854
0.5984932789166559 -0.28058317905994734
-0.1927078562118929 0.5429624015874779
0.8649410377746458 -0.08888895160288945
0.3833717795500071 0.15889710341372765
0.6035713349836553 0.15712695961216938
-0.6252866839849021 -0.4500203558837934
-0.8473517366825614 -0.22579802457556641
-0.055641335164682726 0.039904798079633874
0.018836423017537962 0.7296124779173312
0.6737932147687793 0.5957965961733058
0.9849326904148479 0.08953691141676479
0.9690394203893695 -0.15642960205174172
0.5148874965673829 0.5975631377756159
0.6466769935353549 -0.3112703304449549
-0.6285559264044376 -0.5418618164032436
-0.6818248134815992 -0.25900138094153413
0.49977992697057205 -0.12989510150310957
-0.5203259742770565 0.015921620291506233
0.09934092353243407 0.4848981705214892
