-0.7992489474601929 0.14986461749447932
-0.5500836384251533 -0.3028242021053298
-0.7000123104871776 -0.3278819636996988
0.35969292094216554 0.7274029401681998
0.853496952975376 0.11257565046425877
0.2874391598159092 -0.6928955129597378
0.4391520605510093 -0.022278096192535735
-0.7095519083459323 0.4991727430783557
0.7578631154303499 0.5952282313680428
0.5439802511602629 -0.21784498440960598
0.4086040489186875 -0.29420954903545216
0.46751612325318037 0.35049029504070583
0.2410369293962149 0.17525680731409055
0.00036747528037972543 -0.29582174164710273
0.7664162804060384 0.0020049555770602634
0.1635742925076049 -0.4217000392908059
-0.050221994825236704 0.1393797255558189
-0.027937704885874437 0.5653753043579044
0.6042839978006054 0.2003035349534643
-0.011658743214514988 -0.411743173746133
0.6739303361583002 -0.022141607706324784
-0.31808117462515306 -0.5253917975697817
0.08866742672783756 0.9153450699206558
-0.8186306618563755 -0.38371899050752956
0.21384573959038433 0.1609065667526195
0.4734942671088349 -0.8008212898730067
-0.6589744598973313 -0.21410727844574962
0.527233054624848 -0.8410452378745499
0.34823398979574005 -0.04451968153834285
-0.061861798284837954 0.033277459412253796
-0.2956840009732007 -0.704509325989976
0.3044181837789237 -0.875037409854144
0.8555624866433835 -0.47601441399974553
0.4505325588240885 -0.8314186889103914
0.6242142009421037 -0.27473029885268163
-0.3254514731387692 0.6594323839140299
-0.535324561286495 0.80521964781833
-0.09574348864495263 -0.2906327927090038
-0.36780272778535505 0.05068802576408493
-0.6253745582517425 -0.28014601026588637
-0.376255375405671 -0.39061484752166664
-0.02687854056035177 -0.6147667141694375
0.10109432586741995 -0.25792520069268576
-0.716517910784394 -0.30582411093455053
-0.05215589653499397 -0.5373024472087804
0.14546521699363457 0.17782846645985795
-0.15200367684861904 0.9781720720623015
-0.48955164507493953 0.41522798970855934
-0.2772123200376493 0.8619012952671135
0.1830113730238665 0.1770230160053241
