-0.6979257688167639 0.642803241526744
-0.9553282748402283 -0.18357876108899962
-0.7590157602986862 -0.5912308516133729
0.6556550615309535 0.11984239868376467
0.5128426041720677 0.676321984980319
0.4129807624058315 0.4340173420216258
-0.3380416449575232 0.622985365274195
0.06827015645680268 0.22607634668861332
0.25966761372752867 0.7496784583959992
0.13339241888566544 0.9802320291995499
0.5666453261663724 -0.18845676719454496
0.5184100277017325 -0.4033801715509675
0.518877520734293 -0.26840450478074795
-0.8090733937816101 -0.215846789384198
-0.05220122777149694 -0.5744819392038689
-0.1385381866253561 0.6230078937164798
0.4403833077058512 -0.13658511092114822
0.4698037250161371 0.12401580528923994
-0.49319814027028297 0.7174123939750825
-0.006799181271432531 0.699702883252191
-0.1607654561816627 -0.36056033530389664
-0.23251340015115796 0.7465127037837211
-0.15172395488842905 0.5899011227560331
-0.21908067419793653 -0.5467282801027364
-0.6539759026458318 0.5635831912097855
-0.340087775910062 0.2701990429536376
0.6823823717841824 0.22027468572234032
-0.29921995310486693 0.0830069574440866
-0.7374317593422306 -0.2071492316683856
-0.4349718396209574 0.10147776660148189
0.7431889136918035 -0.09232411381531591
0.15358746253326094 0.07710553010946541
-0.3475143503041529 0.9000581651082447
-0.6941501243978292 0.5866668757081122
0.428800553669914 -0.25705518566328434
0.9154644609923939 0.25903451008130807
0.4384168771416517 -0.0074229242840815335
0.4983054703848737 0.6529698427658903
0.4944490351717683 -0.6977979900887812
-0.006075899879517399 0.529740838248818
0.5810694340777292 -0.7516289515107641
0.23305889731057872 0.7544346450834167
0.8988819371659034 -0.15658828844602524
-0.027037077427872758 0.04054571339251889
-0.40078200447536605 0.006198902578539167
0.275088656330311 -0.8019830253246782
-0.8128997905004378 -0.5052501059019596
-0.4062589908721008 0.38356033211474627
0.4782843851607981 0.818375263350374
-0.009955888064855367 -0.438007050192446
