0.7383299147347311 0.3326363514813713
0.032043462555396474 0.9607196722199527
-0.7959270685119746 -0.2271302090309395
-0.05773129484885953 0.7751747199561518
0.6643707156641332 0.38946452180776303
0.830920735033047 0.36660542076997515
0.666927592223522 0.4682234459499208
-0.3739221543110267 0.6840322045786165
0.20947729151423622 0.49411869529486396
0.32280432271851534 0.562867761553316
0.9395624249989656 -0.3251745012977112
-0.7034142496459237 -0.3622441125086058
-0.8086387953083842 -0.01941522724626421
-0.9365152653417419 0.06673994564342034
-0.5691734336177972 0.0994104808884313
-0.2248905101844758 0.9490082453539741
0.4532499049401686 0.3621695591370675
-0.01874749872653103 0.14140866796127471
0.0100381801910443 0.8980553256722217
-0.03544355033770574 0.10662257490904037
-0.6811258103085771 -0.3648863454051321
-0.6173472056836742 -0.7349279483557707
0.20007916362882483 0.9336796546187769
0.1682718091519093 -0.28058587029050286
-0.7230195752807576 0.2586337358174233
-0.6831951075107974 0.1628740380867375
-0.2003085566085696 -0.35761063636846324
-0.16598269917580333 -0.9175794030873052
-0.4924237838144314 -0.1825702792300743
0.6577432630547868 0.05519462069813441
-0.3344853294284451 -0.9103608805343071
0.813771097732791 0.09344141429572805
-0.6954359013691152 -0.1864908871448514
0.3178768211470284 -0.05757333829341493
0.6384940545302218 0.49477151653262763
0.42607301935734054 -0.4552513798487954
-0.10895405955619997 -0.45284101131710175
0.6922355089566234 0.16576202076955204
0.13515141843555067 -0.4626590985922392
-0.6406508892094136 -0.7642775853816295
0.45682136840867704 0.16165093533134067
-0.6763871028176278 -0.13630396809411693
-0.23897548959318504 0.018834964286633893
0.5935486343692189 0.6298796374990987
-0.20287040336501327 -0.5621128857102207
0.07908591952565014 -0.5715422937646628
0.07576661054925671 0.6438665704250321
-0.16977487138834935 0.025494697769719243
-0.6417342055997841 0.010000309674965457
-0.3904117731409351 -0.3473961233432379
