-0.09838586816121775 -0.7571034234585314
-0.22556533458293027 -0.5276162812332101
0.3219104598974849 -0.809310347755765
0.13587039080719854 0.3764714336105368
0.19427139138123817 -0.08540324499392682
-0.28737042218999775 -0.2913146051246769
-0.5572947869482066 0.7322172179983404
0.554467982221232 -0.6370527773666153
-0.4987888670425593 -0.24065975337476542
0.5736916168358639 -0.20163620932380444
0.6548567370557592 0.5271077722048634
0.9304799989240384 0.2184818265791859
-0.4828698136909684 -0.4250710956784203
-0.22456845324445185 0.5665407334267252
0.7222598946362175 0.5428178330255993
-0.6847736708218839 -0.7038683278251072
0.3010486860436521 -0.4427222978960881
-0.8436484066084331 -0.21985082460619298
0.859581236399888 -0.00454374191883411
-0.6469280825780548 -0.07327113381959238
0.24382685352891897 0.17830383120927484
0.8084092342364146 0.30156234603043997
0.08238723964947758 0.033139783253046895
0.28002814153410904 -0.2607448259001457
-0.5012766201917114 -0.05817469423577504
0.2673798564222756 -0.9611419338500453
0.14229270580113051 -0.2226313789284462
0.22034298513769413 -0.7468972054761076
-0.27666567105180495 -0.038932448455741175
0.5151197032319323 -0.6672220472380337
-0.47371151335311334 -0.31057635857244437
0.3336758578875634 -0.2598831128434351
-0.6076811458929219 0.599610970919072
-0.5564031803480021 -0.5570223918098505
-0.16858788707624894 -0.49454658184905465
0.6668922387191745 -0.4039856188674005
-0.20289563860014015 0.15896271878467316
0.5421986747175003 0.726026300140278
-0.7314650857864364 -0.11392231072023007
-0.5537943199108415 0.11308308887280183
0.3645448384970784 -0.7021339310197643
0.522803717521017 -0.1098572610059827
0.03331713774166034 -0.2225656061476835
-0.524943187362318 0.656423515157827
-0.7729391948873421 0.2196293998703227
0.1911983323304267 -0.841486111078702
-0.19283146429051135 0.6037614155747237
0.7804242935144039 0.026170115784287296
-0.5046387206138478 0.6836345075443553
-0.2176701690637135 0.704581080076746
