0.04502262693665848 -0.6587620459105568
-0.9519806153033965 -0.07742352000682717
-0.6484410427981617 -0.008682417098764939
0.328078714273504 -0.5275904946424028
-0.5330027137314379 -0.4740469311780613
0.4014543850742902 0.2511733121580597
0.7248926604701447 0.5810538387080855
0.7476389605872511 0.32581818474358926
0.4846846408408281 -0.6047045089493084
-0.5315682690444057 0.6376838058527465
0.6136374211023747 -0.0765827545654989
0.42096826952450805 0.17134976160863413
0.0685557215878061 0.29953667925816374
0.458507978121069 -0.5795629496116981
-0.10000619664311405 -0.5782136244244189
-0.9666408865947334 0.08754374598501435
0.0958812342065698 0.9819056486540658
-0.8543061869832709 -0.012349049526400036
0.6324088223829667 0.4628527297890028
0.9756104625451825 0.21719309487245453
-0.13540400719224932 -0.8408153944471817
-0.2850727161859077 -0.10557857456043607
0.6000323190722543 0.739751348827284
0.4133447739607561 -0.45311788360739214
-0.5075404061780999 -0.36004077924412714
-0.5144797184686212 0.004110044806596713
-0.25200689615115435 0.48193689837462084
0.11643756726656962 -0.2003736779277372
0.5137708748567607 -0.3830019438859913
-0.37410172062053415 -0.4515613573384787
0.028277281460273862 -0.5843120916088365
0.752478571213892 -0.43487163057148703
-0.05102260652063606 -0.6815176966488754
0.4965818115699201 0.5634826666227064
0.661937442067035 -0.6915878181756216
-0.35315622477843456 -0.9233612022462452
-0.3527865849326475 -0.05862033824954627
0.9424594510909732 -0.23461389670543897
-0.2980473795705263 -0.25504545403982637
-0.3300845555853418 0.8862590094480987
-0.3274684729577886 0.17698626703604337
0.4665570052795478 0.16129133464290546
0.09255360241544652 -0.4766055141071994
0.5581999804448787 -0.6620653326536026
-0.18523441064774837 -0.14709964244715112
0.06368048261530057 -0.8171500599737678
0.5330239546210109 0.7645059754351993
-0.23474571588567983 -0.7572952429830675
-0.8084543955138312 -0.08246303577856273
-0.33609497258731147 0.006014868326753797
