-0.5570083859391777 -0.7319036428584407
0.5516068896525379 -0.8333332751393006
0.55452314031774 -0.3646213384628607
0.23089345560739583 0.20494829995181263
0.4020293387827676 0.24646540098043013
0.11741923319722991 -0.40198295035564713
-0.38270105211952643 -0.11395232955150059
0.9638352953282765 0.032394938064390644
0.8164936302904906 0.15994588737883708
-0.5964367437868805 -0.3188907235192615
-0.2793948824248125 -0.6686997742730645
0.20608412811338583 -0.7364932402343147
0.8296529483861956 0.05918369229548537
0.03139651321721226 -0.4620842338685105
0.017725186867465492 -0.8256269792734188
-0.401561549635818 -0.39647413927823316
0.3000608006819583 -0.19255616368980433
-0.5061539743730088 0.5379237077143144
-0.4826027402633981 0.53385045582796
0.45030011687894356 0.6897992949888678
0.5502068644886937 -0.5358332901060119
0.21550681025749863 0.7629877355182226
0.4770115773638428 -0.7350351476504682
-0.9354811222102035 -0.07481137972099727
-0.8185648152944669 0.3122596578242609
-0.45843795362426 -0.744927570676237
-0.21323396136126083 0.1558946894042459
-0.1547923412516028 0.7599484144860484
0.474445320884616 -0.44135648691457696
0.03218113312956161 0.5552094602473818
0.4695454974976794 -0.5539002630854515
-0.8297696008476696 0.5451163921442579
-0.21031492520200423 0.8224790573468082
-0.2048452424507854 -0.23550368496170115
0.8586577236594062 -0.2316643231111042
0.04265252801546726 0.10842858740083372
-0.03949189583911816 -0.8836104579382578
-0.6501299332206236 -0.3619706576341106
-0.5457979380492788 -0.5859028563149824
0.33214775940672747 -0.06747322206119089
0.8953193007877871 -0.13036019891271056
-0.06350727279967994 0.6596942253441269
0.45123498996876865 0.3329176460208221
0.5919621449700423 -0.0592955315234136
-0.9160527077748502 -0.3532217833770732
-0.326214697874988 -0.28687439482358834
-0.7352263538121895 0.16313755754424086
0.44914777836601383 0.24030619070960202
0.37492950198456354 -0.17406152022315058
-0.42215327135977954 0.4298467011919591
