-0.020672310480473355 -0.9082663947139655
0.7165887471268872 -0.5046405385615607
-0.4023058667891324 0.3979225734516669
0.8037820059368384 -0.5609170537881469
-0.7646986957004489 0.1483822254861722
0.0122287947200308 -0.06838482388693179
0.30569863512075135 -0.5378458815687559
0.8814350395670172 -0.28103190678159673
-0.20409763751596222 0.7237686071471678
0.030631192378002714 0.4322942194591546
-0.6374262862976083 -0.4179843347213221
0.8071439994738197 -0.5454862655172652
0.2850843338121052 -0.489787201440016
-0.0851981375089983 0.47282289718195325
-0.8582970296289674 0.03845060392835298
-0.6486586358722652 0.21068976367774672
-0.17781255909317184 0.565319134661916
0.3145104994035315 -0.6282278492982973
0.21224842978661806 -0.8320141882175889
-0.13127531971086026 -0.480825194246439
-0.747682509485909 0.575435891101669
-0.5810935033890021 0.7895581786768344
0.4413978689745839 0.11139010344740385
0.12940354862462056 0.6102712996263646
0.37712942169358676 -0.5833835674392629
0.17197813694360353 -0.9801829693372215
-0.6583635928298066 0.1273968032855155
-0.5764134460362309 0.11853428321446158
0.11934173258883218 0.19868887569878013
0.29289405263983825 0.9352327490810082
0.030310044435508887 0.11924256109886544
0.9180004024053046 0.35655379445867297
0.19492358479196836 -0.5682700243250667
-0.7173986429973047 0.5398205087049135
0.4774829878433311 0.32317385953485234
0.6210467037820435 0.5747799425464617
0.45794261878618125 -0.839341131563293
-0.29746773732673804 -0.5833236414643745
0.14002411514697677 -0.07777007168509842
0.22275184401595993 0.5698973516174444
-0.679600686062676 0.687271947330784
-0.21646108342585801 -0.33298518976732794
0.3863198278037423 0.8204122208585476
-0.3889902478326843 0.6838427774063764
0.6172070967581738 0.5361846347923764
-0.3200259517785575 0.6062132190493978
-0.05287551545999225 0.5061763459063529
0.1850737212131548 -0.020466893545337816
0.70852937894785 0.630264638685113
0.6083401842103537 0.10019532950857823
