0.6439143923669979 0.37455525379252674
-0.32005625703576057 -0.2744885141453792
-0.10199178735035086 -0.25315536262933813
-0.49287099030176074 0.6916279325179762
0.6969199732510394 -0.6677495468158083
-0.1023615368499744 -0.5735402935734344
0.072045453868127 -0.2987527911532524
0.08904711628148054 -0.5415205309169029
-0.4745810520794278 -0.04371062435365669
0.9226429585275211 -0.05978486188002985
-0.5955890026979915 0.22448428201015203
0.15640963170484268 -0.11342810778498591
0.7859972303647802 0.27061031531890833
0.01682638222203625 -0.5757939800147256
-0.44612439326083986 -0.8587908943034945
0.3015491202386831 -0.07304247856391788
-0.27127276657088983 0.736986922725156
0.12356258566690825 0.13297950361904132
0.3874284642901067 0.6235212310787086
0.3244411912484688 -0.3692953603888587
-0.7931835886263034 -0.07786729923056401
-0.3624333580421859 -0.5061029163486879
0.15817192549458392 0.26605243093842734
-0.028287398898415805 -0.40113080231413
0.36681122364968544 0.7851116884768423
0.6649840102996725 -0.2058504402029464
-0.5054181792734778 0.37063186990804375
0.24417961892816975 -0.20452723501335646
-0.5256732239845541 0.3519779217744492
0.08130747851578368 -0.4274357455356481
0.6760581650443891 0.017539050306638826
-0.06506284285782349 -0.9450768145973814
-0.9836507381791386 -0.16989778018784651
-0.38371908721550696 0.4636991825773251
-0.7609973701738308 -0.530561104612675
0.8050436465051336 0.13446055646871957
0.7174904373523114 0.19413134773366125
-0.29592558322457374 -0.5930197890149287
-0.06843250868875694 0.7848532982335865
-0.44337728590973025 0.8055717878173461
0.9697787538847167 0.24241377470533454
0.5568916234078776 0.4362435085962588
-0.3616927893923487 0.7649945827621278
0.178707766081593 0.7631547761844979
0.06500564114939067 -0.6355099649565727
-0.729291623824478 -0.2938148758643522
-0.5457126617660017 0.1524420851931072
0.8388305078459224 0.540058435859804
-0.1766881735295247 0.6943644870260124
0.3268524103782844 -0.7429053704890616
