0.5472912194116877 -0.29499436349657593
0.07532301180343492 -0.03757464002212396
-0.11105902493012909 0.3222911611245254
0.543495647083466 0.5377447527147794
0.3775842754693426 -0.8011737044511933
0.005733933029603122 0.3386816910994366
0.14929659571529053 -0.6715053449540043
-0.5589881037324111 -0.036815618308131404
-0.47052042139092354 -0.05427960401169951
-0.1503984621711425 -0.506073541708796
0.01165118030967971 -0.26909368921987586
0.6483304467097348 -0.6622386358869994
-0.29320008577707624 0.6134772185504915
-0.0415475999105428 -0.23953928332649888
-0.4765228240487662 0.6164114861790837
-0.5657643276034683 -0.7668069487374469
0.10974183767051127 -0.5777164857997443
0.31870393967992316 -0.7077427423339315
-0.5891617221562098 -0.36030995052902304
-0.21648159258772792 -0.2271188260618291
0.6750756679502088 -0.4327850999797829
0.1979885221734834 0.007019844760637772
0.602591182146206 0.12909575564981912
0.6134531993179713 -0.7751218562766424
0.5487311973416971 0.6994200230144405
-0.48748445305386956 0.046145708087678816
-0.5733474418622757 0.7244525132891115
-0.6297597053906987 -0.561697244985145
-0.7282911357020856 0.2782782787740996
0.526234463947379 -0.02517999075632882
0.4931503555089827 -0.30452313132237063
-0.809359057628384 0.28275338126170246
0.7314536580812359 -0.23100803292946326
-0.3026572751465926 0.35213847248618557
0.12466591579587027 -0.8407769590220848
0.2550440711395128 -0.45048972378820973
-0.173488769019972 -0.33683278141475403
0.6767463274159964 -0.22342954098568502
-0.15003447104101997 -0.07820770566749435
-0.0519954768167219 -0.8436732633164274
-0.23638785174709742 0.8568964854161629
-0.8390739124043971 0.15783203403939994
-0.6438750805321118 0.24977265927867998
0.9668832933960236 0.06220104023796735
-0.15870438963591393 0.7019352312955054
-0.26189091526781527 -0.21116531093036595
0.14413876630808842 -0.9144422732185582
-0.6858321047342468 0.658720154326629
-0.6345787466596973 0.17556555144721386
-0.4462743698206555 0.5576914044070365
