0.1102348172103158 0.403857160812344
0.4499730551614207 0.20637415017669536
0.16065832760995225 0.11963907581412236
0.8185843309669913 -0.044911018293731564
-0.12027157737265304 -0.7314414393311972
-0.43151366099956023 0.3964477541268907
0.39197673567804703 -0.061462205697969674
-0.099996269457028 -0.7780213946087171
-0.05499758568876345 -0.760434058119765
0.12456866448883508 0.37102731254018595
-0.8544399840967616 -0.4935374104832426
0.6003642543326186 0.5085567102095256
0.10240971777587138 0.23904668577564103
-0.7913146048999913 -0.3575058914866738
0.7810148879094196 -0.3634085510204794
-0.8109299180791332 0.47274215469585035
0.3400530085980269 0.4561456997287501
-0.12651164630366307 0.23930588799992192
0.4931363055098461 0.010818329706947516
0.0009502221897725871 0.09547127264731148
0.7299870001236093 -0.5437494039715507
-0.2826856748765918 -0.8188347663802293
0.06906167501437332 0.6883858178181728
-0.16908218599927838 0.5928828464739251
-0.2438467663961863 0.24649712947609248
-0.5958562390420812 0.18752811595844143
0.6528016100830791 0.32074488968032466
-0.3327754146434774 0.8478544562189589
0.2831416905895532 0.8606879146538862
-0.2727881693607159 -0.31467427127368675
-0.180909453420671 -0.8972035363839603
0.832126704716825 0.39507163286393254
0.6336402847921119 0.4609059835074891
0.04658766308400586 -0.0400608711620849
-0.11167925924520739 -0.5759153660214182
-0.12574526763772464 -0.9362235589134644
-0.72963407147973 0.6074130953704553
-0.6994824125784547 0.3645543737279391
-0.000617066463407312 0.8709619269124975
-0.7856754036118196 -0.016114832039590743
-0.6655571568483334 0.43791795969340197
-0.1663493966709968 -0.6959277536709243
0.04483647658488987 -0.5668559815490095
-0.6737477713787916 0.06591221649699741
-0.4683370909877882 0.08446086747273229
0.7163813326807724 0.1573272116727351
-0.18137071185039244 -0.2468294634404551
0.6875730182333966 0.3132854870901465
-0.7847796635057667 -0.4136751368570928
0.2408152645889341 0.8295680252802515
