0.1487695736935506 -0.768361613600826
-0.3828189272866047 -0.6741629899614547
0.19291354088134272 -0.044921034489695755
-0.3324894593451939 0.5208875739156555
-0.3033057577900884 0.08495815656863437
-0.8353408884739868 0.48713792732263483
-0.4859830633895623 -0.6609999346934499
-0.16576995688731744 0.37376344454536126
-0.5768080185031244 -0.10511637886714986
-0.4629926311330703 0.5815265245881778
-0.7518435050695591 -0.3086044776986683
-0.06871566922906092 -0.9264144965650589
0.4877816332579399 -0.734153419734459
0.6711392181352294 -0.6990043457842754
0.08261001154255965 -0.20074319469676905
0.3414117816122637 0.9228408169401137
0.790570300882774 0.3717494480629493
0.17864057961652136 0.24689179303859632
-0.947134886726011 0.1636679650424404
0.04116927387197644 0.0305652811072612
-0.3295441977312148 -0.5330200716741409
-0.40040698519561757 0.22040350192341762
0.4416634853380388 -0.7050002329950293
-0.5476786818254509 -0.7118963513331764
0.7780433709390313 0.5566321777724847
0.34981549180960947 -0.6363444489451187
0.7034977388795327 0.6035168865606206
-0.34675015528503805 -0.8704145451129421
-0.48949021955218197 0.7141565261781746
0.37755384120739355 -0.15676793901868513
-0.7660578788081287 -0.274163835577802
-0.16811415673787855 0.8930971179231577
0.13482802664785298 0.1471073894900241
-0.3509966155510098 0.5197242553491812
0.39916988905788164 0.795770632509218
-0.7394204628606467 -0.1535967439891679
-0.08552362006953906 0.1475882322711961
0.0997898786376561 -0.030663964592332782
-0.021719090551962195 -0.24616491908277593
-0.07043712325778673 -0.48238809455468123
-0.9335153999527268 0.22552887073326544
0.8224945036809532 -0.0882091258406188
-0.721767359351599 0.4817005527023148
0.18593763473155178 0.8326014039352252
0.03253325640628857 0.6976157174439592
-0.9499916095547218 -0.08246485687937355
-0.6467630760255059 -0.06493164790306838
0.5657007730988657 -0.633588154078913
-0.10539539030301959 -0.09838138245311678
0.1063867235538154 -0.5971764064816365
