0.2847506403491151 0.7794030552373667
-0.034683656622873205 0.8414481894179553
-0.18109218521073012 -0.343083925912989
-0.13915589063608658 0.038568287605014184
-0.22177724118734954 0.04613275628032287
0.637186473908586 0.28817272872874167
-0.9206466698837241 -0.23635345472326774
-0.36533652906861813 0.6197012360785508
-0.22918712690103793 0.17101898838729546
-0.47670808893393457 0.5824335786347365
-0.6926835236720223 0.15575986498701622
0.3365131037034146 0.3946138159039443
-0.5027054987259465 -0.5984698860347393
0.576408115166801 -0.5956480867318139
-0.38770067080996196 0.5170966251807243
-0.6626820905954041 0.15055643016059483
0.3889641425925745 -0.2610266365982943
0.5357036993209146 0.7097647792664197
0.4187248742957479 0.11739632265816868
-0.6295993059615455 -0.5310101546606285
0.02188362609052752 -0.8827302550356908
-0.19406835798576938 0.037951779232285654
-0.5945202175665314 -0.6200354975483924
0.8113132650930537 -0.07587662695918862
-0.9912362989463765 0.11194779523611231
0.4273668991281818 0.38132429669954204
0.3818891265618414 0.8031179872658198
0.5114300681280244 0.2883785081456458
0.0011357657123096665 0.112761958684231
-0.6991932016516491 -0.3319351628568057
0.5334887814041833 0.2613438074664569
-0.07029065003868862 -0.3346471024208808
-0.20126519251761055 0.4671130962222614
0.7145777586928708 0.035386195690277455
-0.008005829417620847 0.9977629800594368
-0.9010764500150588 -0.22091684028462466
0.8083158075852352 -0.07340943775993125
-0.4376678329196555 -0.16542028898894223
0.5459457638107577 -0.10682386181661063
0.26198483877168677 0.7020806599485105
-0.6548713448615076 0.5379316479265606
-0.06133817913525119 -0.8962597144154396
0.05996268846466268 0.8068844092455543
-0.16403714213783438 0.9247004960082374
0.26721771858397125 0.14236362110099865
0.13170661512040738 -0.7951292466136441
0.5800907865007299 0.5262605063489116
-0.6536924574645562 0.012268419622645466
-0.8551742888964107 -0.5107293119726737
0.8193405148706723 0.23403784886259382
