0.6867870092988144 -0.051436129174333045
0.10162653382627918 -0.4887969980751874
-0.139290654338746 -0.5939716002866697
-0.9348777560363368 -0.22760530801031087
-0.016116896480752763 0.06677075433101476
-0.3899367785597716 -0.7554537778107031
-0.32173807482101746 -0.816585768367343
0.8732794054564352 -0.35034828297137977
0.1356429934170762 -0.8556613695419346
-0.2502399303466283 0.4756441410474088
-0.028121654740052904 -0.40621726426765625
0.38878575641424873 0.042330083347373204
0.7669104824979458 0.02584360441766509
-0.3357608902048479 -0.2524146782133667
-0.5910071711338878 -0.71055340235967
0.24627381757510025 0.040263505579775094
-0.007446227668512773 0.7449745419196039
0.04255071906221208 0.6788725686357528
-0.5185299635343803 0.4510041778563494
0.644084103634754 0.25326643722059883
-0.2620840732630274 0.19502925818830308
-0.43810977295224496 -0.886815139724064
0.9245425101243687 -0.37208326104644773
-0.6763738910967063 0.016492947134711722
0.5783260362846843 -0.11144062010845235
-0.31395108861664967 -0.6392459100454764
-0.19334956427537775 0.059386772836042656
-0.8201632655018731 0.092650941106172
0.6235997933123096 0.1250504546124711
-0.2630319689752618 0.7811848327843138
0.4703493828679983 0.06647348109304851
-0.8123870924786429 0.04830772820264273
-0.051260772838226165 0.9346834268807309
0.07060786143107212 0.305739520440482
-0.295447696131516 -0.42318640612957115
0.06880747232262108 0.3893364455033532
0.579915135468634 -0.07682359558923291
0.61364412971078 -0.13518996077825296
0.6044811743113581 0.18735168786986667
-0.420482254744883 -0.4628649606999826
-0.7844519260296114 0.2595747463159168
-0.36939379785467863 -0.9143379040815705
-0.012786099751979307 -0.5449456105645516
-0.5004322535076717 -0.8168054535893574
-0.264756002021002 -0.6978413990286607
0.34016990473785347 -0.7010098305316572
-0.5947408616150118 -0.35151686777937363
0.0005543201761950556 0.6340050825173835
0.34430800499529957 -0.07677527511369098
0.9231318024476967 -0.18258777101139367
