-0.9130892053715716 -0.2956040977215586
0.47283291507529457 0.35138960396370544
0.7891874444581508 0.20466058505029516
0.6445391696383327 -0.236167916535573
-0.31796315312771406 -0.5807094675803655
0.04500745661951311 0.9410716899414557
0.1927189906851292 -0.001094771394511529
0.3544205024157674 -0.5148758202189849
0.6460291644904852 -0.6871120855807833
-0.519510891603816 -0.6984296375522467
0.395559076523337 0.9135817380808018
-0.6807400928967369 -0.6769368606970776
0.598188390249917 0.5179710372046149
0.5472352171487285 -0.3491547388309366
0.5564797415588143 0.3729588803303292
0.6444179825032887 -0.13558651116402243
-0.3065238316881913 0.49326301130600925
0.23387046064389594 0.6214028013257573
-0.9730887586304753 0.19619522305239645
0.7292063079900872 -0.1854554431245159
-0.464507098733673 0.5099975643845731
-0.688816712859319 -0.3831219333979543
-0.6302221268384165 -0.1359785729167613
-0.4142428716462432 -0.533907847705599
-0.656370646492451 0.4741491299334317
0.24381961727987078 0.26657597873171834
-0.22066939815766795 -0.3641400549464937
0.4715933254451945 -0.6420776726496413
-0.19323759614541403 0.3449782773797496
-0.10380057875885385 -0.9710502847115485
-0.6565592913289857 0.13017788661020435
-0.7477623949453938 -0.20956092334255638
0.6775750801379923 0.38698436912481493
0.3446037730896787 0.7074003816438936
0.4651289757095203 0.8138045594185004
0.3549025704775388 -0.5242521901918111
-0.193099311059179 -0.7803539881220267
0.33077905384520134 -0.901933581639571
-0.5836442702864231 -0.08945218013270595
-0.36270430900114814 -0.3251802257537302
-0.4186130176361116 0.8340836651319374
-0.7398793901423923 -0.4511978659479938
-0.3039841265436054 -0.7831936691710255
0.17482289409429286 0.03792406578008167
-0.2271774989651425 0.6370536186622358
0.1694987766451761 0.0019801582307887866
0.80917882415781 0.5688434231943353
0.2685444760734328 -0.12040197168587774
-0.3439116907165447 0.9076365080720317
-0.1729805231784849 -0.46488493730603775
